# 緯度(dms) 経度(dms) ジオイド高(m)
363606.03 1371549.0608 39.4256 
364218.5796 1371141.2332 38.4209 
364147.7024 1371213.5648 38.4938 
364029.0964 1371321.9252 38.6884 
364128.3884 1371433.1152000001 38.6496 
364212.48120000004 1371120.8356 38.4164 
364057.8892 1371223.5296 38.5852 
364452.46880000003 1371458.6104000001 38.3239 
364139.588 1371513.212 38.6694 
364433.5652 1371357.9144 38.3083 
364006.8016 1371425.9188 38.7950 
364206.6816 1371332.6208 38.5255 
364045.0948 1371342.222 38.6783 
363700.72119999997 1371507.4232 39.2307 
364242.77520000003 1370952.9452 38.3131 
364504.5684 1371825.4880000001 38.5151 
364320.784 1371845.7920000001 38.7384 
364456.3568 1371107.6308 38.1581 
363803.3144 1371243.2324 38.9288 
364130.3936 1371624.4056 38.7657 
363526.3292 1371250.5368 39.2802 
363637.6272 1371730.9084 39.5086 
363507.9044 1370756.6076 39.0795 
363620.5524 1370949.446 38.9814 
363921.1572 1370953.136 38.6375 
363839.282 1370721.1008 38.6211 
363503.9948 1370450.6568 39.0305 
363208.1564 1371359.4372 39.8975 
364535.10360000003 1371537.2276 38.2825 
364433.1512 1370127.192 37.9888 
364514.74559999997 1365941.6004 37.9465 
364411.4504 1370000.702 37.9904 
364518.3456 1370128.0884 37.9531 
364415.0504 1370114.6928 38.0018 
364740.13159999996 1370255.5792 37.8531 
364623.2392 1370407.6764 37.9091 
364342.852 1365754.72 37.9933 
364031.9728 1365856.2224 38.1791 
364102.076 1370049.3056 38.1941 
364220.4912 1365458.3236 38.0208 
364850.45399999997 1372407.7472 38.5889 
364952.95 1372445.9396 38.5286 
365059.1936 1365849.7928 37.8010 
365218.1812 1365816.7915999999 37.8177 
364829.51279999997 1365724.6060000001 37.8747 
364947.6076 1370019.3824 37.7993 
364517.57159999997 1372023.7767999999 38.6548 
364550.97239999997 1372207.7663999998 38.7629 
365310.23 1372540.7352 38.2116 
365222.0296 1372742.75 38.5522 
363804.7436 1365656.616 38.3088 
363818.096 1365847.8236 38.3634 
363756.3016 1370053.6112 38.4901 
363452.5108 1365919.4172 38.8109 
364041.8656 1365150.76 38.0227 
363952.974 1365343.0512 38.0800 
363707.716 1365354.8772 38.2630 
363721.5904 1365114.3676 38.1560 
363021.84839999996 1365341.964 39.0644 
362554.0732 1365639.0336 39.8600 
362721.08520000003 1370148.576 40.0177 
363402.8272 1365820.5320000001 38.8595 
363525.3896 1365531.5516000001 38.4987 
363331.3344 1365150.2668 38.5414 
363325.6248 1365253.364 38.5957 
364637.8012 1370533.324 37.8992 
364516.3152 1370502.8824 37.9831 
364604.044 1370810.1508 37.9737 
364303.5652 1370545.0708 38.1549 
364158.07399999996 1370546.9716 38.2488 
364340.75680000003 1370321.6864 38.0643 
364204.0932 1371822.896 38.8547 
364142.6012 1372143.6788 39.2542 
363909.7128 1372104.4856 39.5280 
365618.5028 1373024.1812 38.2968 
365542.6072 1372930.9948 38.2869 
365635.538 1373353.6472 38.6855 
