# 0.0 0.0
364106.49319999997 1371419.2156
364204.7808 1371310.3224
364222.2336 1371556.0808
364455.5684 1371510.71
364318.66719999997 1370825.0548
363608.2044 1371538.4696
364527.8424 1365957.0984
364511.5344 1370236.5064
364512.6432 1370202.1876
364924.4524 1372527.2388
363524.0324 1371444.1276
363505.56080000004 1370752.7412
363931.1544 1370953.3088
364019.0956 1371303.2268
364145.1824 1371213.9284
364431.866 1371404.2144
364155.3812 1371135.9340000001
364134.9836 1371118.0384
364030.19440000004 1371314.124
364427.6684 1371524.0084
363856.0076 1371413.1243999999
364421.372 1371759.0928
364300.6708 1370940.8456000001
364204.6224 1371224.1883999999
364505.7456 1370145.2892
364503.6468 1370005.0976
364500.7452 1370134.788
364528.044 1365935.7
364806.0264 1370255.6764
364107.46880000003 1365842.8232
364434.23120000004 1370051.4224
364211.3616 1365538.2368
365054.2472 1372547.7336
364948.45 1372443.9416
365112.1464 1372515.8376
365112.492 1365848.1908
364531.3704 1371953.0796
365213.3392 1372656.9256
363810.2984 1365741.526
363750.69279999996 1365556.2404
364029.8668 1365141.3604000001
363931.3776 1365431.6476
363707.1976 1365405.454
363524.1152 1365542.2472
362552.6872 1365713.95
363328.0224 1365149.3704
364330.36 1370509.672
364330.1584 1370349.0824
364651.2364 1370430.5724
364222.896 1372211.9748
363955.9044 1371832.6988
365601.4064 1373020.0844
365707.6284 1373349.7628000001
363902.9088 1371437.9212
364528.9512 1370933.4404
