# 0.0 0.0
364214.382 1371300.2928
364235.4276 1371255.818
364048.4176 1371300.048
364124.5652 1371235.9496
364157.6528 1371127.5568
364052.6116 1371258.1184
364158.8012 1371248.2868000001
363548.5988 1371649.4256
363914.3856 1370704.5156
364312.81 1370838.8752000001
364124.234 1371251.3936
364127.222 1371237.026
364127.5856 1371237.0476
364523.74199999997 1365957.0516
364456.2524 1370104.3464
364430.4512 1370059.13
364611.2476 1372132.1804
364331.2024 1370548.858
363934.56 1371852.5888
364137.76999999996 1371415.7704
364016.9968 1371242.5592
364125.278 1371239.7224
364144.55960000004 1370849.4448
