# 0.0 0.0
364243.8984 1370557.282
364218.66240000003 1371141.2332
364148.1452 1371215.4224
364105.6472 1371223.3532
364112.9156 1371309.7752
364140.5852 1371323.0232
364229.8764 1371156.6304
364207.7904 1371102.958
364228.8792 1371316.0212
364309.5736 1371314.322
364124.3888 1371408.0196
364207.0848 1371506.5124000001
364239.6684 1371546.9008
364111.6952 1371604.908
364515.0624 1371349.0152
364347.27280000004 1371604.602
364529.7648 1371643.5972
364447.4684 1371451.0108
364349.0512 1371431.0992
364248.348 1371448.8112
364109.9888 1371104.4412
364037.2936 1371314.4264
363949.4028 1371349.7244
364020.9964 1371213.392
364042.294 1371423.5176000001
364018.50159999996 1371512.4128
363914.1048 1371320.1288
363913.9068 1371501.9187999999
364447.16599999997 1371346.9164
363745.2172 1371316.0320000001
363721.0216 1371509.9216
363804.2108 1371141.1396
364517.0568 1371143.8252
364427.0636 1371146.1256
364442.8604 1371229.0232
364456.5584 1371127.7296
364251.2712 1371008.0436
364312.27 1371120.634
364347.5644 1370911.1492
364227.4752 1370754.2604
364129.6808 1370828.356
364057.9828 1370712.2663999998
364508.8704 1371824.39
364507.668 1371759.5896
364423.0748 1371928.5851999999
364315.8808 1371734.098
364335.382 1371850.49
363440.836 1371223.4396
363615.0264 1371214.7384
363507.134 1371328.1352
363634.6248 1371803.3048
363708.2236 1371644.2128
363611.5272 1371524.3216
363427.5484 1372303.3792
363431.6596 1370816.116
363601.1808 1370946.9836
363640.392 1370814.0064
363418.066 1370929.0556
363937.7172 1370933.2712
364006.9348 1371032.5056
364039.1152 1370906.03
363747.4168 1371017.9183999998
363922.4028 1370740.4328
363747.8812 1370540.3908
363814.91359999997 1370807.1484
363509.3084 1370448.8964
363209.1752 1371358.3355999999
364534.9704 1371537.8288
364450.1468 1365935.9016
364516.7436 1370056.4912
364435.3472 1370012.0996
364435.9484 1370121.1908
364501.8468 1370035.7948
364501.9476 1370056.7936
364408.6532 1370108.094
364503.9456 1370003.2976
364631.2348 1370027.1872
364743.3284 1370315.2748
364719.032 1370247.8788
364558.24079999997 1370233.0828
364325.8528 1365909.0132
364248.1608 1370035.604
364438.2488 1370204.3908
364623.0412 1370441.6712
364915.2148 1370126.8788
364404.9488 1365756.3184
364310.0524 1365731.2228
364059.4696 1365918.2184
364059.3688 1365810.0236
364059.2788 1370133.9996
364423.4492 1365946.104
364250.1732 1365553.5116
364813.4892 1372352.6487999998
364859.0544 1372433.0444
364937.1136 1372521.9792
364954.9516 1372421.7404
365058.7472 1372506.7368
365102.0952 1365854.8904
365143.8876 1365853.5908
364911.91359999997 1370016.2828
365020.4 1365927.6864
364834.1136 1365747.1024
364957.4032 1365732.3028
365200.6816 1365634.0044
365305.27640000003 1365916.6848
365511.6256 1370130.3348
364555.76759999996 1372026.3760000002
364534.5708 1372002.2776
364630.468 1372229.3628
364531.6728 1372232.0664
364443.47959999996 1372344.6639999999
364409.3804 1372206.3732
364503.3732 1372058.0776
365337.626 1372457.9383999999
365110.1448 1372626.6316
365202.5392 1372521.0359999998
365357.0228 1372533.2327999999
365257.43200000003 1372645.2256
365200.75 1372656.2056
365247.4348 1372819.9164
365222.9404 1372942.7056
365201.5708 1373117.058
363753.652 1365656.616
363658.2048 1365903.624
363900.1872 1365845.8256
363644.9028 1365704.1364
363909.2844 1365637.536
363808.0016 1370037.9152
363736.0948 1365539.6444
363423.3724 1365922.686
364027.9696 1365125.2612
364017.97239999997 1365351.8496
364109.2652 1365232.556
363739.4248 1365053.8403999999
363732.79360000003 1365336.654
363040.4208 1365350.1432
362407.6752 1365526.0616
362721.1932 1370148.5616000001
363358.5288 1365747.4372
363543.512 1365456.4516
363158.0332 1365124.9804
363342.42240000004 1365142.6708
363321.8268 1365315.162
364631.6416 1370523.766
364637.5384 1370454.0696
364450.4492 1370520.67
364518.2484 1370706.1608
364620.62919999997 1370736.732
364529.5524 1370919.4436
364534.542 1370351.1776
364331.2636 1370617.4672
364115.37799999997 1370431.4796
364229.8692 1370622.068
364234.2504 1370519.9932
364201.872 1370540.1748
364328.1604 1370313.1868
364426.2572 1370848.8508000001
364359.5884 1370354.0432
364211.592 1371821.996
364243.59239999996 1371951.5856
364201.8972 1372147.5776
364245.6948 1372238.8704
364300.5916 1372114.3784
364137.30199999997 1372251.2724
364054.7032 1372151.2784
364013.008 1372527.6492
364112.5988 1371856.2932
363922.0104 1371855.098
364004.8072 1371953.1912
364055.398 1371735.0052
363938.3508 1372100.396
363748.72000000003 1371921.0972
363611.1312 1371923.0988
363439.9936 1372305.3987999998
365358.2288 1373103.7884
365528.0956 1372731.5504
365545.606 1372912.2964
365609.6036 1373018.2844
365329.0364 1373252.17
365636.996 1373105.9664
365721.006 1373343.2432000001
365508.9256 1373332.8608
