# 0.0 0.0
364108.2644 1371330.864
364152.1628 1371219.5588
364044.436 1371349.2959999999
364112.7104 1371246.746
364115.8784 1371304.8864
364006.26159999997 1371314.2428
364220.2464 1371554.8388
364102.3136 1371428.9176
364315.6288 1370817.2571999999
364015.31200000003 1371458.5276000001
364454.0492 1371446.9932
363953.1216 1371025.5468000001
364446.5648 1370109.2136
364524.2856 1365957.3036
364337.6644 1365916.872
364604.08 1370437.8732
364205.5332 1365617.0556
365102.8224 1365742.5268
364532.67 1372034.7352
364331.6236 1370612.438
364149.7364 1370546.9716
364255.2312 1365514.9628
364443.2276 1371351.1247999999
364116.9152 1371605.3292
363550.6688 1371223.0976
363425.446 1371228.872
364257.7656 1371153.5992
364035.3856 1371244.118
363633.606 1370749.6848
364105.9784 1371112.1092
363559.6328 1370942.4224
364141.3736 1371309.9228
364353.184 1371608.202
364005.8908 1371335.3892
364301.1028 1371339.7164
364024.2868 1371423.3988
363937.2636 1371319.7256
364224.3504 1371304.4148
364128.95 1371508.622
363840.2792 1371404.5852
364035.3172 1371520.5344
364352.1472 1371732.946
364233.5412 1371354.8076
364519.8252 1371145.3048
364252.128 1371440.2828
364521.3552 1371507.5312
364242.6924 1371547.646
364159.1252 1371520.25
363511.2308 1371230.1392
364008.4756 1371017.7276
363821.444 1370811.4216
363931.9608 1370911.1528
364126.538 1371230.7872
364200.6768 1371306.8376
363916.8624 1371332.7036000001
364453.3364 1371236.2124
364057.8568 1371250.7024
364207.4232 1371259.4648
364158.8732 1371100.3408
363920.5848 1371315.6
364452.6056 1371349.9944
363757.8352 1371308.9436
364523.8464 1371831.9392000001
363949.1976 1371052.104
363932.1948 1370824.0864000001
363923.9292 1370939.2328
364059.3076 1371309.6744000001
364317.8392 1371317.3928
363630.9456 1370811.2884
364223.148 1370949.7375999999
364058.602 1371314.394
364035.9544 1371215.6024
364203.2328 1371140.902
364213.1724 1371517.3159999999
364127.8556 1371251.2532
364112.5808 1371414.6472
363706.5136 1371643.2336
363636.5112 1371801.3968
364302.4816 1371037.47
364212.3372 1371346.1244
363949.6548 1371430.6060000001
363949.5 1371412.876
363939.5568 1371340.1484
364056.0028 1371227.1908
364244.7336 1365549.2456
364737.77 1370312.9672
364411.382 1370215.5904
364452.566 1370057.6648
364440.5996 1365944.3112
364054.55919999996 1370113.764
364424.8064 1365755.4148
364322.0872 1370014.7348
364520.8008 1365748.0816
364044.5224 1370151.4884
364437.1976 1370023.8392
364503.7944 1370214.1288
364410.53239999997 1370021.6612
364540.1004 1370209.5244
364719.4604 1370253.3076
364426.4264 1365917.5956000001
364434.278 1370157.0684
364439.8256 1370125.3164
364518.6876 1370203.3648
364939.0828 1372532.8764
364902.67600000004 1372416.776
365023.748 1372552.014
364927.83280000003 1372459.8716
364850.994 1372342.6588
364804.6332 1372404.9608
365205.5344 1365843.2588
365101.2204 1365856.0424
364607.626 1372036.5136
364450.4564 1372034.5876
364636.8472 1372258.9512
364534.2612 1372230.7272
363753.8284 1365739.9312
363905.598 1365819.9344
363834.5984 1365722.5468000001
363933.048 1370101.3584
364038.208 1365152.398
364035.4288 1365134.3332
363720.496 1365336.5172
363540.9416 1365507.9068
363324.516 1365248.5363999999
364224.3288 1370524.6948
364552.7976 1370855.0356
364314.5056 1370623.976
364659.4012 1370412.2196
364211.1312 1370630.8232
364211.04839999997 1371817.4348
364309.6384 1372059.28
364257.258 1371942.6576
363959.076 1371858.7232000001
364043.5036 1372017.7396
364218.3204 1371144.7504
363720.2008 1371510.8324
363805.4816 1371143.7784
364303.54 1370958.2948
364505.6988 1371829.4084
364220.0196 1371231.3056
363439.414 1371221.7656
363617.964 1371246.6452
363707.6332 1371645.8076
363933.7176 1370932.9616
364847.5452 1372348.1092
365322.2288 1372507.3884
365201.5492 1372509.0228
365253.8212 1372646.3847999999
363740.2024 1370038.3832
364513.3452 1370838.2272
364329.118 1370317.694
363807.836 1365701.7316
363641.3244 1365703.5388
363916.8372 1365643.1088
363744.6448 1365921.2136
364044.45759999997 1365233.2076
363956.1924 1365333.5436
363810.7664 1365111.1528
