# 緯度(dms) 経度(dms) ジオイド高(m)
363606.03 1371549.0608 147.7 39.4256
364218.5796 1371141.2332 9.5 38.4209
364147.7024 1371213.5648 7.7 38.4938
364029.0964 1371321.9252 17.4 38.6884
364128.3884 1371433.1152000001 13.6 38.6496
364212.48120000004 1371120.8356 9.7 38.4164
364057.8892 1371223.5296 11.1 38.5852
364452.46880000003 1371458.6104000001 5.7 38.3239
364139.588 1371513.212 17.2 38.6694
364433.5652 1371357.9144 6.4 38.3083
364006.8016 1371425.9188 28.6 38.7950
364206.6816 1371332.6208 7.7 38.5255
364045.0948 1371342.222 15.3 38.6783
363700.72119999997 1371507.4232 78.8 39.2307
364242.77520000003 1370952.9452 7.6 38.3131
364504.5684 1371825.4880000001 2.2 38.5151
364320.784 1371845.7920000001 7.6 38.7384
364456.3568 1371107.6308 3.4 38.1581
363803.3144 1371243.2324 32.5 38.9288
364130.3936 1371624.4056 21.8 38.7657
363526.3292 1371250.5368 84.9 39.2802
363637.6272 1371730.9084 140.1 39.5086
363507.9044 1370756.6076 105.2 39.0795
363620.5524 1370949.446 50.5 38.9814
363921.1572 1370953.136 16.4 38.6375
363839.282 1370721.1008 29.8 38.6211
363503.9948 1370450.6568 128.8 39.0305
363208.1564 1371359.4372 134.7 39.8975
364535.10360000003 1371537.2276 5 38.2825
364433.1512 1370127.192 9.1 37.9888
364514.74559999997 1365941.6004 9.2 37.9465
364411.4504 1370000.702 7.6 37.9904
364518.3456 1370128.0884 7.2 37.9531
364415.0504 1370114.6928 10.1 38.0018
364740.13159999996 1370255.5792 20.6 37.8531
364623.2392 1370407.6764 1.8 37.9091
364342.852 1365754.72 11.5 37.9933
364031.9728 1365856.2224 32.3 38.1791
364102.076 1370049.3056 25.3 38.1941
364220.4912 1365458.3236 17.5 38.0208
364850.45399999997 1372407.7472 9.9 38.5889
364952.95 1372445.9396 21.8 38.5286
365059.1936 1365849.7928 25.5 37.8010
365218.1812 1365816.7915999999 5.1 37.8177
364829.51279999997 1365724.6060000001 7.7 37.8747
364947.6076 1370019.3824 5.4 37.7993
364517.57159999997 1372023.7767999999 6.2 38.6548
364550.97239999997 1372207.7663999998 33.4 38.7629
365310.23 1372540.7352 3.8 38.2116
365222.0296 1372742.75 38.1 38.5522
363804.7436 1365656.616 53.4 38.3088
363818.096 1365847.8236 54.3 38.3634
363756.3016 1370053.6112 58.2 38.4901
363452.5108 1365919.4172 96.5 38.8109
364041.8656 1365150.76 45.3 38.0227
363952.974 1365343.0512 31.6 38.0800
363707.716 1365354.8772 47.4 38.2630
363721.5904 1365114.3676 87.9 38.1560
363021.84839999996 1365341.964 164.6 39.0644
362554.0732 1365639.0336 368 39.8600
362721.08520000003 1370148.576 638 40.0177
363402.8272 1365820.5320000001 110.4 38.8595
363525.3896 1365531.5516000001 62.3 38.4987
363331.3344 1365150.2668 87.2 38.5414
363325.6248 1365253.364 79.9 38.5957
364637.8012 1370533.324 1.3 37.8992
364516.3152 1370502.8824 1 37.9831
364604.044 1370810.1508 1.2 37.9737
364303.5652 1370545.0708 6.2 38.1549
364158.07399999996 1370546.9716 24.2 38.2488
364340.75680000003 1370321.6864 7.9 38.0643
364204.0932 1371822.896 11.6 38.8547
364142.6012 1372143.6788 38.7 39.2542
363909.7128 1372104.4856 113.1 39.5280
365618.5028 1373024.1812 21.6 38.2968
365542.6072 1372930.9948 26.6 38.2869
365635.538 1373353.6472 34 38.6855
