364150.424 1371539.0312 15.6 38.6775
364207.1388 1371058.3572 8.5 38.4092
364014.124 1371037.3044 12.4 38.5770
364041.1384 1371536.7236 30.1 38.8069
364317.2884 1370858.74 2.3 38.2300
364438.9796 1370223.208 6.8 37.9932
364618.3684 1370249.5707999999 3.1 37.9125
364328.8228 1365807.6008 13.5 38.0031
365021.1596 1365939.102 5.1 37.7964
364512.6324 1371954.012 4.1 38.6192
365142.3828 1372526.2164 2.1 38.3692
363839.156 1365619.2192 46.3 38.2373
364018.048 1365118.2736 45.6 38.0223
363230.2532 1365226.1516 99.4 38.6886
364353.7852 1370348.5928 5.9 38.0564
365632.2908 1372939.5088 16.5 38.1859
