364106.49319999997 1371419.2156 17 38.6756
364204.7808 1371310.3224 6.8 38.5107
364222.2336 1371556.0808 12.7 38.6379
364455.5684 1371510.71 5.4 38.3294
364318.66719999997 1370825.0548 1.9 38.2104
363608.2044 1371538.4696 117.2 39.4041
364527.8424 1365957.0984 5.4 37.9394
364511.5344 1370236.5064 5.6 37.9658
364512.6432 1370202.1876 6.8 37.9610
364924.4524 1372527.2388 44 38.6758
363524.0324 1371444.1276 172.3 39.4382
363505.56080000004 1370752.7412 109.8 39.0833
363931.1544 1370953.3088 14.6 38.6204
364019.0956 1371303.2268 18 38.6899
364145.1824 1371213.9284 7.7 38.4983
364431.866 1371404.2144 6.2 38.3161
364155.3812 1371135.9340000001 7.5 38.4536
364134.9836 1371118.0384 9.1 38.4739
364030.19440000004 1371314.124 17.2 38.6794
364427.6684 1371524.0084 5.5 38.3893
363856.0076 1371413.1243999999 43.8 38.9188
364421.372 1371759.0928 5.3 38.5612
364300.6708 1370940.8456000001 4.1 38.2790
364204.6224 1371224.1883999999 6.5 38.4746
364505.7456 1370145.2892 10.3 37.9641
364503.6468 1370005.0976 8.6 37.9538
364500.7452 1370134.788 13.2 37.9664
364528.044 1365935.7 8.7 37.9394
364806.0264 1370255.6764 22.8 37.8340
364107.46880000003 1365842.8232 26.1 38.1317
364434.23120000004 1370051.4224 12.5 37.9821
364211.3616 1365538.2368 18.2 38.0263
365054.2472 1372547.7336 13.5 38.5163
364948.45 1372443.9416 23.4 38.5347
365112.1464 1372515.8376 6 38.4143
365112.492 1365848.1908 44.6 37.8015
364531.3704 1371953.0796 2.9 38.5806
365213.3392 1372656.9256 18.9 38.4772
363810.2984 1365741.526 54.5 38.3311
363750.69279999996 1365556.2404 50.6 38.2881
364029.8668 1365141.3604000001 43.9 38.0244
363931.3776 1365431.6476 34.5 38.1204
363707.1976 1365405.454 47.3 38.2706
363524.1152 1365542.2472 64.2 38.5112
362552.6872 1365713.95 278 39.8965
363328.0224 1365149.3704 88.9 38.5472
364330.36 1370509.672 5 38.1084
364330.1584 1370349.0824 7.6 38.0837
364651.2364 1370430.5724 1 37.8826
364222.896 1372211.9748 48.3 39.2224
363955.9044 1371832.6988 63.1 39.1412
365601.4064 1373020.0844 27.9 38.3304
365707.6284 1373349.7628000001 21 38.5798
363902.9088 1371437.9212 47.8 38.9325
364528.9512 1370933.4404 2.2 38.0573
