364214.382 1371300.2928 6.6 38.4873
364235.4276 1371255.818 6.7 38.4499
364048.4176 1371300.048 14.3 38.6338
364124.5652 1371235.9496 8.3 38.5508
364157.6528 1371127.5568 8.9 38.4441
364052.6116 1371258.1184 13.5 38.6245
364158.8012 1371248.2868000001 6.8 38.5030
363548.5988 1371649.4256 191.4 39.5683
363914.3856 1370704.5156 72.3 38.5518
364312.81 1370838.8752000001 2.6 38.2258
364124.234 1371251.3936 10.8 38.5642
364127.222 1371237.026 8.8 38.5472
364127.5856 1371237.0476 8.7 38.5466
364523.74199999997 1365957.0516 8.2 37.9418
364456.2524 1370104.3464 7.8 37.9662
364430.4512 1370059.13 11.5 37.9864
364611.2476 1372132.1804 18.2 38.6561
364331.2024 1370548.858 4.4 38.1208
363934.56 1371852.5888 76.5 39.2213
364137.76999999996 1371415.7704 11.7 38.6162
364016.9968 1371242.5592 15.4 38.6751
364125.278 1371239.7224 8.8 38.5527
364144.55960000004 1370849.4448 15.9 38.3616
