364243.8984 1370557.282 5.2 38.1871
364218.66240000003 1371141.2332 9.5 38.4208
364148.1452 1371215.4224 5.1 38.4946
364105.6472 1371223.3532 9.4 38.5718
364112.9156 1371309.7752 12.1 38.5989
364140.5852 1371323.0232 8.5 38.5622
364229.8764 1371156.6304 9.7 38.4138
364207.7904 1371102.958 11.6 38.4114
364228.8792 1371316.0212 7.3 38.4760
364309.5736 1371314.322 6 38.4090
364124.3888 1371408.0196 13 38.6327
364207.0848 1371506.5124000001 14.7 38.6120
364239.6684 1371546.9008 11.6 38.5971
364111.6952 1371604.908 23.2 38.7797
364515.0624 1371349.0152 3.4 38.2317
364347.27280000004 1371604.602 9 38.4973
364529.7648 1371643.5972 4.7 38.3534
364447.4684 1371451.0108 6.5 38.3265
364349.0512 1371431.0992 8.9 38.4083
364248.348 1371448.8112 11 38.5236
364109.9888 1371104.4412 9.1 38.5041
364037.2936 1371314.4264 16 38.6667
363949.4028 1371349.7244 27.7 38.7902
364020.9964 1371213.392 13.5 38.6417
364042.294 1371423.5176000001 21.6 38.7251
364018.50159999996 1371512.4128 34.3 38.8226
363914.1048 1371320.1288 28.5 38.8265
363913.9068 1371501.9187999999 50.1 38.9376
364447.16599999997 1371346.9164 6 38.2775
363745.2172 1371316.0320000001 40 38.9996
363721.0216 1371509.9216 78 39.1892
363804.2108 1371141.1396 31 38.8668
364517.0568 1371143.8252 3.8 38.1450
364427.0636 1371146.1256 6.3 38.2271
364442.8604 1371229.0232 3.3 38.2301
364456.5584 1371127.7296 4.2 38.1696
364251.2712 1371008.0436 14.8 38.3097
364312.27 1371120.634 19.7 38.3250
364347.5644 1370911.1492 2 38.1946
364227.4752 1370754.2604 4.4 38.2671
364129.6808 1370828.356 16.8 38.3733
364057.9828 1370712.2663999998 30.5 38.3828
364508.8704 1371824.39 2.8 38.5055
364507.668 1371759.5896 2.7 38.4759
364423.0748 1371928.5851999999 5.7 38.6772
364315.8808 1371734.098 9.1 38.6523
364335.382 1371850.49 6.4 38.7172
363440.836 1371223.4396 96.1 39.3626
363615.0264 1371214.7384 65.3 39.1243
363507.134 1371328.1352 116.7 39.3733
363634.6248 1371803.3048 153.4 39.5705
363708.2236 1371644.2128 115.8 39.3550
363611.5272 1371524.3216 98.8 39.3744
363427.5484 1372303.3792 319 40.5220
363431.6596 1370816.116 90.1 39.1811
363601.1808 1370946.9836 55.5 39.0199
363640.392 1370814.0064 44.4 38.8785
363418.066 1370929.0556 118 39.2605
363937.7172 1370933.2712 14 38.5955
364006.9348 1371032.5056 12.6 38.5853
364039.1152 1370906.03 13.4 38.4751
363747.4168 1371017.9183999998 31.7 38.8283
363922.4028 1370740.4328 24.3 38.5559
363747.8812 1370540.3908 104.5 38.6710
363814.91359999997 1370807.1484 24.1 38.6898
363509.3084 1370448.8964 121 39.0164
363209.1752 1371358.3355999999 134.7 39.8933
364534.9704 1371537.8288 4.9 38.2833
364450.1468 1365935.9016 9.8 37.9608
364516.7436 1370056.4912 7.3 37.9512
364435.3472 1370012.0996 6.2 37.9750
364435.9484 1370121.1908 9.6 37.9855
364501.8468 1370035.7948 5.4 37.9585
364501.9476 1370056.7936 7.9 37.9610
364408.6532 1370108.094 10.6 38.0058
364503.9456 1370003.2976 8.6 37.9534
364631.2348 1370027.1872 6.7 37.9092
364743.3284 1370315.2748 11.7 37.8470
364719.032 1370247.8788 20.7 37.8696
364558.24079999997 1370233.0828 4.9 37.9267
364325.8528 1365909.0132 13.3 38.0157
364248.1608 1370035.604 14.5 38.0701
364438.2488 1370204.3908 8.3 37.9907
364623.0412 1370441.6712 1.4 37.9106
364915.2148 1370126.8788 5.9 37.8039
364404.9488 1365756.3184 10.6 37.9808
364310.0524 1365731.2228 16 38.0094
364059.4696 1365918.2184 27.7 38.1550
364059.3688 1365810.0236 26.4 38.1267
364059.2788 1370133.9996 24.4 38.2196
364423.4492 1365946.104 6.8 37.9801
364250.1732 1365553.5116 15.4 38.0109
364813.4892 1372352.6487999998 7.1 38.6413
364859.0544 1372433.0444 18.8 38.6220
364937.1136 1372521.9792 38.1 38.6361
364954.9516 1372421.7404 12.5 38.4764
365058.7472 1372506.7368 7 38.4257
365102.0952 1365854.8904 5.7 37.7993
365143.8876 1365853.5908 2.6 37.7998
364911.91359999997 1370016.2828 9.3 37.8206
365020.4 1365927.6864 4.5 37.7996
364834.1136 1365747.1024 6.6 37.8684
364957.4032 1365732.3028 2.4 37.8321
365200.6816 1365634.0044 8.4 37.8440
365305.27640000003 1365916.6848 6.3 37.8024
365511.6256 1370130.3348 6.1 37.7417
364555.76759999996 1372026.3760000002 4 38.5816
364534.5708 1372002.2776 2.7 38.5881
364630.468 1372229.3628 34.9 38.7137
364531.6728 1372232.0664 46.7 38.8495
364443.47959999996 1372344.6639999999 107.4 39.1188
364409.3804 1372206.3732 22.3 38.9790
364503.3732 1372058.0776 11.9 38.7361
365337.626 1372457.9383999999 1.9 38.0832
365110.1448 1372626.6316 10.3 38.5611
365202.5392 1372521.0359999998 2.5 38.3171
365357.0228 1372533.2327999999 4.4 38.1024
365257.43200000003 1372645.2256 19.1 38.3561
365200.75 1372656.2056 17.3 38.5043
365247.4348 1372819.9164 43.5 38.5663
365222.9404 1372942.7056 69.8 38.8101
365201.5708 1373117.058 102.2 39.0958
363753.652 1365656.616 55.5 38.3255
363658.2048 1365903.624 70.8 38.5177
363900.1872 1365845.8256 47.2 38.2942
363644.9028 1365704.1364 67.4 38.4422
363909.2844 1365637.536 41.9 38.2089
363808.0016 1370037.9152 55.5 38.4567
363736.0948 1365539.6444 50.7 38.2976
363423.3724 1365922.686 106.7 38.8892
364027.9696 1365125.2612 48 38.0213
364017.97239999997 1365351.8496 28.2 38.0662
364109.2652 1365232.556 25.6 38.0241
363739.4248 1365053.8403999999 67 38.1243
363732.79360000003 1365336.654 43.9 38.2202
363040.4208 1365350.1432 151.5 39.0250
362407.6752 1365526.0616 309 39.9704
362721.1932 1370148.5616000001 637 40.0175
363358.5288 1365747.4372 97.8 38.8284
363543.512 1365456.4516 54.8 38.4382
363158.0332 1365124.9804 109 38.7137
363342.42240000004 1365142.6708 87.7 38.5156
363321.8268 1365315.162 79.2 38.6210
364631.6416 1370523.766 1.5 37.9052
364637.5384 1370454.0696 1.5 37.8971
364450.4492 1370520.67 2 38.0160
364518.2484 1370706.1608 0.9 38.0138
364620.62919999997 1370736.732 3.9 37.9400
364529.5524 1370919.4436 1.8 38.0500
364534.542 1370351.1776 2.9 37.9536
364331.2636 1370617.4672 3.7 38.1323
364115.37799999997 1370431.4796 14.2 38.2808
364229.8692 1370622.068 6.4 38.2187
364234.2504 1370519.9932 7.3 38.1862
364201.872 1370540.1748 21.3 38.2402
364328.1604 1370313.1868 8.3 38.0759
364426.2572 1370848.8508000001 1.9 38.1278
364359.5884 1370354.0432 5.8 38.0511
364211.592 1371821.996 11.4 38.8386
364243.59239999996 1371951.5856 12.2 38.9118
364201.8972 1372147.5776 41.3 39.2183
364245.6948 1372238.8704 54.7 39.2296
364300.5916 1372114.3784 20.6 39.0221
364137.30199999997 1372251.2724 79.4 39.4178
364054.7032 1372151.2784 46.7 39.3814
364013.008 1372527.6492 295 40.0374
364112.5988 1371856.2932 24.2 39.0123
363922.0104 1371855.098 83.4 39.2535
364004.8072 1371953.1912 62.6 39.2592
364055.398 1371735.0052 31.6 38.9272
363938.3508 1372100.396 92.4 39.4504
363748.72000000003 1371921.0972 139.8 39.5202
363611.1312 1371923.0988 199.9 39.7793
363439.9936 1372305.3987999998 377.6 40.4942
365358.2288 1373103.7884 71.1 38.7319
365528.0956 1372731.5504 10.9 38.1126
365545.606 1372912.2964 23.3 38.2469
365609.6036 1373018.2844 25.5 38.3074
365329.0364 1373252.17 121.7 39.0757
365636.996 1373105.9664 19.7 38.3270
365721.006 1373343.2432000001 13.4 38.5241
365508.9256 1373332.8608 64 38.8868
