364108.2644 1371330.864 11.1 38.6250
364152.1628 1371219.5588 8.2 38.4912
364044.436 1371349.2959999999 17.6 38.6866
364112.7104 1371246.746 9.6 38.5798
364115.8784 1371304.8864 11.8 38.5897
364006.26159999997 1371314.2428 20 38.7233
364220.2464 1371554.8388 13.4 38.6402
364102.3136 1371428.9176 18 38.6927
364315.6288 1370817.2571999999 2.3 38.2105
364015.31200000003 1371458.5276000001 32.9 38.8125
364454.0492 1371446.9932 5.9 38.3123
363953.1216 1371025.5468000001 14.1 38.6040
364446.5648 1370109.2136 12.5 37.9748
364524.2856 1365957.3036 8.3 37.9414
364337.6644 1365916.872 12.7 38.0086
364604.08 1370437.8732 1.8 37.9286
364205.5332 1365617.0556 19.2 38.0366
365102.8224 1365742.5268 6.6 37.8200
364532.67 1372034.7352 6.6 38.6409
364331.6236 1370612.438 3.6 38.1296
364149.7364 1370546.9716 30.8 38.2617
364255.2312 1365514.9628 16.5 38.0087
364443.2276 1371351.1247999999 6.3 38.2872
364116.9152 1371605.3292 21.8 38.7702
363550.6688 1371223.0976 71.4 39.1887
363425.446 1371228.872 102 39.4109
364257.7656 1371153.5992 7.9 38.3683
364035.3856 1371244.118 14.6 38.6434
363633.606 1370749.6848 55.1 38.8798
364105.9784 1371112.1092 8.8 38.5162
363559.6328 1370942.4224 55.2 39.0198
364141.3736 1371309.9228 7.8 38.5502
364353.184 1371608.202 8.2 38.4905
364005.8908 1371335.3892 22.8 38.7440
364301.1028 1371339.7164 7.5 38.4422
364024.2868 1371423.3988 25.3 38.7592
363937.2636 1371319.7256 25.3 38.7826
364224.3504 1371304.4148 7.1 38.4744
364128.95 1371508.622 18 38.6840
363840.2792 1371404.5852 43.5 38.9414
364035.3172 1371520.5344 29.9 38.7994
364352.1472 1371732.946 6.2 38.5852
364233.5412 1371354.8076 8.8 38.5011
364519.8252 1371145.3048 3.6 38.1412
364252.128 1371440.2828 10.2 38.5097
364521.3552 1371507.5312 5.2 38.2808
364242.6924 1371547.646 11.3 38.5924
364159.1252 1371520.25 13.4 38.6408
363511.2308 1371230.1392 88 39.2922
364008.4756 1371017.7276 12.2 38.5726
363821.444 1370811.4216 22.9 38.6804
363931.9608 1370911.1528 14.6 38.5902
364126.538 1371230.7872 8.4 38.5432
364200.6768 1371306.8376 7.1 38.5146
363916.8624 1371332.7036000001 31 38.8337
364453.3364 1371236.2124 1.8 38.2182
364057.8568 1371250.7024 11.5 38.6086
364207.4232 1371259.4648 6.6 38.4979
364158.8732 1371100.3408 11.8 38.4233
363920.5848 1371315.6 27.2 38.8100
364452.6056 1371349.9944 5.8 38.2710
363757.8352 1371308.9436 37 38.9660
364523.8464 1371831.9392000001 1.8 38.4864
363949.1976 1371052.104 15.3 38.6316
363932.1948 1370824.0864000001 16.3 38.5629
363923.9292 1370939.2328 15.1 38.6232
364059.3076 1371309.6744000001 13.1 38.6223
364317.8392 1371317.3928 5.5 38.3983
363630.9456 1370811.2884 46.3 38.8971
364223.148 1370949.7375999999 17.6 38.3404
364058.602 1371314.394 13.5 38.6277
364035.9544 1371215.6024 12.6 38.6172
364203.2328 1371140.902 7.4 38.4445
364213.1724 1371517.3159999999 13.2 38.6129
364127.8556 1371251.2532 11 38.5579
364112.5808 1371414.6472 15.8 38.6602
363706.5136 1371643.2336 115.9 39.3575
363636.5112 1371801.3968 152.7 39.5620
364302.4816 1371037.47 10.5 38.3113
364212.3372 1371346.1244 9.2 38.5285
363949.6548 1371430.6060000001 33.2 38.8330
363949.5 1371412.876 29.2 38.8145
363939.5568 1371340.1484 27.1 38.7988
364056.0028 1371227.1908 11.1 38.5917
364244.7336 1365549.2456 16.2 38.0130
364737.77 1370312.9672 13.6 37.8517
364411.382 1370215.5904 7.9 38.0173
364452.566 1370057.6648 8.3 37.9683
364440.5996 1365944.3112 6.5 37.9680
364054.55919999996 1370113.764 25.8 38.2162
364424.8064 1365755.4148 10.4 37.9710
364322.0872 1370014.7348 9.3 38.0334
364520.8008 1365748.0816 8.8 37.9477
364044.5224 1370151.4884 43.2 38.2499
364437.1976 1370023.8392 6.2 37.9754
364503.7944 1370214.1288 7.2 37.9693
364410.53239999997 1370021.6612 7.4 37.9952
364540.1004 1370209.5244 6.9 37.9403
364719.4604 1370253.3076 19.6 37.8683
364426.4264 1365917.5956000001 9.9 37.9750
364434.278 1370157.0684 8.2 37.9930
364439.8256 1370125.3164 9.3 37.9828
364518.6876 1370203.3648 6.4 37.9564
364939.0828 1372532.8764 42.4 38.6541
364902.67600000004 1372416.776 14 38.5803
365023.748 1372552.014 25.9 38.5942
364927.83280000003 1372459.8716 32.7 38.6127
364850.994 1372342.6588 3.4 38.5401
364804.6332 1372404.9608 12.7 38.6856
365205.5344 1365843.2588 3.5 37.8051
365101.2204 1365856.0424 5.5 37.7989
364607.626 1372036.5136 5.8 38.5724
364450.4564 1372034.5876 8.9 38.7262
364636.8472 1372258.9512 42.7 38.7588
364534.2612 1372230.7272 45.9 38.8410
363753.8284 1365739.9312 56.4 38.3557
363905.598 1365819.9344 44.3 38.2716
363834.5984 1365722.5468000001 49.3 38.2827
363933.048 1370101.3584 40.6 38.3276
364038.208 1365152.398 34.3 38.0242
364035.4288 1365134.3332 46.8 38.0213
363720.496 1365336.5172 43.8 38.2359
363540.9416 1365507.9068 56.6 38.4519
363324.516 1365248.5363999999 81.1 38.5940
364224.3288 1370524.6948 15.9 38.2020
364552.7976 1370855.0356 1.5 38.0050
364314.5056 1370623.976 4.3 38.1571
364659.4012 1370412.2196 1.6 37.8761
364211.1312 1370630.8232 8.9 38.2498
364211.04839999997 1371817.4348 11.8 38.8329
364309.6384 1372059.28 17.4 38.9731
364257.258 1371942.6576 10 38.8684
363959.076 1371858.7232000001 64 39.1767
364043.5036 1372017.7396 42.5 39.2172
364218.3204 1371144.7504 8.9 38.4237
363720.2008 1371510.8324 79 39.1923
363805.4816 1371143.7784 30.7 38.8667
364303.54 1370958.2948 4.2 38.2856
364505.6988 1371829.4084 2.3 38.5180
364220.0196 1371231.3056 6 38.4557
363439.414 1371221.7656 96.2 39.3644
363617.964 1371246.6452 63.5 39.1542
363707.6332 1371645.8076 116.2 39.3590
363933.7176 1370932.9616 14.2 38.6021
364847.5452 1372348.1092 4 38.5576
365322.2288 1372507.3884 1.5 38.1298
365201.5492 1372509.0228 2.4 38.2976
365253.8212 1372646.3847999999 19.7 38.3663
363740.2024 1370038.3832 62.5 38.5116
364513.3452 1370838.2272 1.5 38.0560
364329.118 1370317.694 8.5 38.0761
363807.836 1365701.7316 53.3 38.3078
363641.3244 1365703.5388 66.9 38.4479
363916.8372 1365643.1088 41.4 38.2032
363744.6448 1365921.2136 61.2 38.4450
364044.45759999997 1365233.2076 25.1 38.0304
363956.1924 1365333.5436 29.5 38.0738
363810.7664 1365111.1528 40.1 38.0991