# Y X
36.601675 137.263628
36.705161 137.194787
36.696584 137.203768
36.674749 137.222757
36.691219 137.242532
36.703467 137.189121
36.682747 137.206536
36.747908 137.249614
36.69433 137.25367
36.742657 137.232754
36.668556 137.240533
36.701856 137.225728
36.679193 137.228395
36.616867 137.252062
36.711882 137.164707
36.751269 137.30708
36.72244 137.31272
36.748988 137.185453
36.634254 137.212009
36.691776 137.273446
36.590647 137.214038
36.610452 137.291919
36.585529 137.132391
36.605709 137.163735
36.655877 137.16476
36.644245 137.122528
36.584443 137.080738
36.535599 137.233177
36.759751 137.260341
36.742542 137.02422
36.754096 136.994889
36.736514 137.000195
36.755096 137.024469
36.737514 137.020748
36.794481 137.048772
36.773122 137.068799
36.72857 136.9652
36.675548 136.982284
36.68391 137.013696
36.705692 136.916201
36.814015 137.402152
36.831375 137.412761
36.849776 136.980498
36.871717 136.971331
36.808198 136.956835
36.829891 137.005384
36.754881 137.339938
36.764159 137.368824
36.886175 137.427982
36.872786 137.461875
36.634651 136.94906
36.63836 136.979951
36.632306 137.014892
36.581253 136.988727
36.678296 136.8641
36.664715 136.895292
36.61881 136.898577
36.622664 136.853991
36.506069 136.89499
36.431687 136.944176
36.455857 137.03016
36.567452 136.97237
36.590386 136.925431
36.558704 136.863963
36.557118 136.88149
36.777167 137.09259
36.754532 137.084134
36.76779 137.136153
36.717657 137.095853
36.699465 137.096381
36.727988 137.056024
36.701137 137.30636
36.695167 137.362133
36.652698 137.351246
36.938473 137.506717
36.928502 137.491943
36.943205 137.564902
