# Y X
36.685137 137.238671
36.701328 137.219534
36.706176 137.265578
36.748769 137.252975
36.721852 137.140293
36.602279 137.260686
36.757734 136.999194
36.753204 137.043474
36.753512 137.033941
36.823459 137.424233
36.590009 137.245591
36.584878 137.131317
36.658654 137.164808
36.671971 137.217563
36.695884 137.203869
36.742185 137.234504
36.698717 137.193315
36.693051 137.188344
36.675054 137.22059
36.741019 137.256669
36.648891 137.236979
36.73927 137.299748
36.716853 137.161346
36.701284 137.206719
36.751596 137.029247
36.751013 137.001416
36.750207 137.02633
36.75779 136.99325
36.801674 137.048799
36.685408 136.978562
36.742842 137.014284
36.703156 136.927288
36.848402 137.429926
36.830125 137.412206
36.853374 137.421066
36.85347 136.980053
36.758714 137.331411
36.870372 137.449146
36.636194 136.961535
36.630748 136.932289
36.674963 136.861489
36.658716 136.908791
36.618666 136.901515
36.590032 136.928402
36.431302 136.953875
36.557784 136.863714
36.7251 137.08602
36.725044 137.063634
36.780899 137.075159
36.70636 137.369993
36.665529 137.309083
36.933724 137.505579
36.952119 137.563823
36.650808 137.243867
36.758042 137.159289
