# Y X
36.712194 137.099245
36.705184 137.194787
36.696707 137.204284
36.684902 137.206487
36.686921 137.219382
36.694607 137.223062
36.708299 137.199064
36.702164 137.184155
36.708022 137.221117
36.719326 137.220645
36.690108 137.235561
36.701968 137.251809
36.711019 137.263028
36.686582 137.26803
36.754184 137.230282
36.729798 137.267945
36.758268 137.278777
36.746519 137.247503
36.730292 137.241972
36.71343 137.246892
36.686108 137.184567
36.677026 137.220674
36.663723 137.230479
36.672499 137.20372
36.678415 137.239866
36.671806 137.253448
36.653918 137.222258
36.653863 137.250533
36.746435 137.229699
36.629227 137.22112
36.622506 137.252756
36.634503 137.194761
36.754738 137.195507
36.740851 137.196146
36.745239 137.208062
36.749044 137.191036
36.714242 137.168901
36.720075 137.189065
36.729879 137.153097
36.707632 137.131739
36.691578 137.14121
36.682773 137.120074
36.752464 137.306775
36.75213 137.299886
36.739743 137.324607
36.721078 137.292805
36.726495 137.314025
36.57801 137.206511
36.604174 137.204094
36.585315 137.224482
36.609618 137.300918
36.618951 137.278948
36.603202 137.256756
36.574319 137.384272
36.575461 137.13781
36.600328 137.163051
36.61122 137.137224
36.571685 137.158071
36.660477 137.159242
36.668593 137.175696
36.677532 137.151675
36.629838 137.171644
36.656223 137.127898
36.629967 137.094553
36.637476 137.135319
36.585919 137.080249
36.535882 137.232871
36.759714 137.260508
36.747263 136.993306
36.754651 137.015692
36.743152 137.003361
36.743319 137.022553
36.750513 137.009943
36.750541 137.015776
36.735737 137.018915
36.751096 137.000916
36.775343 137.007552
36.795369 137.054243
36.78862 137.046633
36.766178 137.042523
36.723848 136.985837
36.713378 137.00989
36.743958 137.034553
36.773067 137.078242
36.820893 137.024133
36.734708 136.965644
36.719459 136.958673
36.683186 136.988394
36.683158 136.969451
36.683133 137.026111
36.739847 136.99614
36.713937 136.931531
36.803747 137.397958
36.816404 137.409179
36.826976 137.422772
36.831931 137.406039
36.849652 137.418538
36.850582 136.981914
36.862191 136.981553
36.819976 137.004523
36.839 136.991024
36.809476 136.963084
36.832612 136.958973
36.866856 136.942779
36.884799 136.987968
36.919896 137.025093
36.765491 137.34066
36.759603 137.333966
36.77513 137.374823
36.758798 137.375574
36.745411 137.39574
36.735939 137.368437
36.750937 137.349466
36.893785 137.416094
36.852818 137.440731
36.867372 137.42251
36.899173 137.425898
36.88262 137.445896
36.866875 137.448946
36.879843 137.472199
36.873039 137.495196
36.867103 137.521405
36.63157 136.94906
36.616168 136.98434
36.650052 136.979396
36.612473 136.951149
36.652579 136.94376
36.635556 137.010532
36.626693 136.927679
36.573159 136.989635
36.674436 136.857017
36.671659 136.897736
36.685907 136.87571
36.627618 136.848289
36.625776 136.893515
36.511228 136.897262
36.402132 136.923906
36.455887 137.030156
36.566258 136.963177
36.59542 136.915681
36.532787 136.856939
36.561784 136.861853
36.556063 136.887545
36.775456 137.089935
36.777094 137.081686
36.747347 137.089075
36.755069 137.118378
36.772397 137.12687
36.758209 137.155401
36.759595 137.064216
36.725351 137.104852
36.687605 137.075411
36.708297 137.10613
36.709514 137.088887
36.70052 137.094493
36.724489 137.053663
36.740627 137.146903
36.733219 137.065012
36.70322 137.30611
36.712109 137.330996
36.700527 137.363216
36.712693 137.377464
36.716831 137.353994
36.693695 137.380909
36.681862 137.364244
36.67028 137.424347
36.686833 137.315637
36.656114 137.315305
36.668002 137.331442
36.682055 137.293057
36.660653 137.35011
36.6302 137.322527
36.603092 137.323083
36.577776 137.384833
36.899508 137.517719
36.924471 137.458764
36.929335 137.486749
36.936001 137.505079
36.891399 137.547825
36.94361 137.518324
36.955835 137.562012
36.919146 137.559128
