# Y X
36.685629 137.22524
36.697823 137.205433
36.67901 137.23036
36.686864 137.212985
36.687744 137.218024
36.668406 137.220623
36.705624 137.265233
36.683976 137.241366
36.721008 137.138127
36.67092 137.249591
36.748347 137.246387
36.664756 137.173763
36.746268 137.019226
36.756746 136.999251
36.727129 136.98802
36.7678 137.077187
36.701537 136.938071
36.850784 136.961813
36.759075 137.342982
36.725451 137.103455
36.697149 137.096381
36.715342 136.920823
36.745341 137.230868
36.688032 137.268147
36.597408 137.206416
36.573735 137.20802
36.716046 137.198222
36.676496 137.212255
36.609335 137.130468
36.684994 137.186697
36.599898 137.161784
36.694826 137.219423
36.73144 137.268945
36.668303 137.226497
36.716973 137.227699
36.673413 137.239833
36.660351 137.222146
36.706764 137.217893
36.691375 137.252395
36.644522 137.234607
36.676477 137.255704
36.731152 137.292485
36.709317 137.231891
36.755507 137.195918
36.71448 137.244523
36.755932 137.252092
36.711859 137.263235
36.699757 137.255625
36.586453 137.208372
36.669021 137.171591
36.63929 137.136506
36.658878 137.153098
36.690705 137.208552
36.700188 137.218566
36.654684 137.225751
36.748149 137.210059
36.682738 137.214084
36.702062 137.216518
36.699687 137.183428
36.655718 137.221
36.747946 137.230554
36.632732 137.219151
36.756624 137.308872
36.663666 137.18114
36.658943 137.140024
36.656647 137.160898
36.683141 137.219354
36.721622 137.221498
36.608596 137.136469
36.70643 137.163816
36.682945 137.220665
36.676654 137.204334
36.700898 137.194695
36.703659 137.25481
36.691071 137.214237
36.686828 137.237402
36.618476 137.278676
36.610142 137.300388
36.717356 137.177075
36.703427 137.229479
36.663793 137.241835
36.66375 137.23691
36.660988 137.227819
36.682223 137.207553
36.712426 136.930346
36.793825 137.053602
36.736495 137.037664
36.747935 137.016018
36.744611 136.995642
36.681822 137.02049
36.740224 136.965393
36.722802 137.004093
36.755778 136.963356
36.679034 137.030969
36.743666 137.006622
36.751054 137.037258
36.736259 137.006017
36.761139 137.035979
36.788739 137.048141
36.740674 136.988221
36.742855 137.032519
36.744396 137.023699
36.755191 137.034268
36.827523 137.425799
36.81741 137.40466
36.83993 137.431115
36.824398 137.416631
36.814165 137.395183
36.801287 137.401378
36.868204 136.978683
36.850339 136.982234
36.768785 137.343476
36.747349 137.342941
36.776902 137.383042
36.759517 137.375202
36.631619 136.961092
36.651555 136.972204
36.642944 136.956263
36.65918 137.017044
36.67728 136.864555
36.676508 136.859537
36.62236 136.893477
36.594706 136.918863
36.55681 136.880149
36.706758 137.090193
36.764666 137.148621
36.720696 137.10666
36.783167 137.070061
36.703092 137.108562
36.703069 137.304843
36.719344 137.3498
36.715905 137.328516
36.66641 137.316312
36.678751 137.338261
36.705089 137.195764
36.622278 137.253009
36.634856 137.195494
36.71765 137.166193
36.751583 137.308169
36.705561 137.208696
36.577615 137.206046
36.60499 137.212957
36.618787 137.279391
36.659366 137.159156
36.813207 137.396697
36.889508 137.418719
36.867097 137.419173
36.881617 137.446218
36.627834 137.010662
36.753707 137.143952
36.724755 137.054915
36.63551 136.950481
36.611479 136.950983
36.654677 136.945308
36.629068 136.989226
36.679016 136.875891
36.665609 136.892651
36.636324 136.853098
