Y,X,-----
36.601675,137.263628,147.7
36.705161,137.194787,9.5
36.696584,137.203768,7.7
36.674749,137.222757,17.4
36.691219,137.242532,13.6
36.703467,137.189121,9.7
36.682747,137.206536,11.1
36.747908,137.249614,5.7
36.69433,137.25367,17.2
36.742657,137.232754,6.4
36.668556,137.240533,28.6
36.701856,137.225728,7.7
36.679193,137.228395,15.3
36.616867,137.252062,78.8
36.711882,137.164707,7.6
36.751269,137.30708,2.2
36.72244,137.31272,7.6
36.748988,137.185453,3.4
36.634254,137.212009,32.5
36.691776,137.273446,21.8
36.590647,137.214038,84.9
36.610452,137.291919,140.1
36.585529,137.132391,105.2
36.605709,137.163735,50.5
36.655877,137.16476,16.4
36.644245,137.122528,29.8
36.584443,137.080738,128.8
36.535599,137.233177,134.7
36.759751,137.260341,5
36.742542,137.02422,9.1
36.754096,136.994889,9.2
36.736514,137.000195,7.6
36.755096,137.024469,7.2
36.737514,137.020748,10.1
36.794481,137.048772,20.6
36.773122,137.068799,1.8
36.72857,136.9652,11.5
36.675548,136.982284,32.3
36.68391,137.013696,25.3
36.705692,136.916201,17.5
36.814015,137.402152,9.9
36.831375,137.412761,21.8
36.849776,136.980498,25.5
36.871717,136.971331,5.1
36.808198,136.956835,7.7
36.829891,137.005384,5.4
36.754881,137.339938,6.2
36.764159,137.368824,33.4
36.886175,137.427982,3.8
36.872786,137.461875,38.1
36.634651,136.94906,53.4
36.63836,136.979951,54.3
36.632306,137.014892,58.2
36.581253,136.988727,96.5
36.678296,136.8641,45.3
36.664715,136.895292,31.6
36.61881,136.898577,47.4
36.622664,136.853991,87.9
36.506069,136.89499,164.6
36.431687,136.944176,368
36.455857,137.03016,638
36.567452,136.97237,110.4
36.590386,136.925431,62.3
36.558704,136.863963,87.2
36.557118,136.88149,79.9
36.777167,137.09259,1.3
36.754532,137.084134,1
36.76779,137.136153,1.2
36.717657,137.095853,6.2
36.699465,137.096381,24.2
36.727988,137.056024,7.9
36.701137,137.30636,11.6
36.695167,137.362133,38.7
36.652698,137.351246,113.1
36.938473,137.506717,21.6
36.928502,137.491943,26.6
36.943205,137.564902,34
