Y,X,-----
36.685137,137.238671,17
36.701328,137.219534,6.8
36.706176,137.265578,12.7
36.748769,137.252975,5.4
36.721852,137.140293,1.9
36.602279,137.260686,117.2
36.757734,136.999194,5.4
36.753204,137.043474,5.6
36.753512,137.033941,6.8
36.823459,137.424233,44
36.590009,137.245591,172.3
36.584878,137.131317,109.8
36.658654,137.164808,14.6
36.671971,137.217563,18
36.695884,137.203869,7.7
36.742185,137.234504,6.2
36.698717,137.193315,7.5
36.693051,137.188344,9.1
36.675054,137.22059,17.2
36.741019,137.256669,5.5
36.648891,137.236979,43.8
36.73927,137.299748,5.3
36.716853,137.161346,4.1
36.701284,137.206719,6.5
36.751596,137.029247,10.3
36.751013,137.001416,8.6
36.750207,137.02633,13.2
36.75779,136.99325,8.7
36.801674,137.048799,22.8
36.685408,136.978562,26.1
36.742842,137.014284,12.5
36.703156,136.927288,18.2
36.848402,137.429926,13.5
36.830125,137.412206,23.4
36.853374,137.421066,6
36.85347,136.980053,44.6
36.758714,137.331411,2.9
36.870372,137.449146,18.9
36.636194,136.961535,54.5
36.630748,136.932289,50.6
36.674963,136.861489,43.9
36.658716,136.908791,34.5
36.618666,136.901515,47.3
36.590032,136.928402,64.2
36.431302,136.953875,278
36.557784,136.863714,88.9
36.7251,137.08602,5
36.725044,137.063634,7.6
36.780899,137.075159,1
36.70636,137.369993,48.3
36.665529,137.309083,63.1
36.933724,137.505579,27.9
36.952119,137.563823,21
36.650808,137.243867,47.8
36.758042,137.159289,2.2
