Y,X,-----
36.703995,137.216748,6.6
36.709841,137.215505,6.7
36.680116,137.21668,14.3
36.690157,137.209986,8.3
36.699348,137.190988,8.9
36.681281,137.216144,13.5
36.699667,137.213413,6.8
36.596833,137.280396,191.4
36.653996,137.117921,72.3
36.720225,137.144132,2.6
36.690065,137.214276,10.8
36.690895,137.210285,8.8
36.690996,137.210291,8.7
36.756595,136.999181,8.2
36.748959,137.017874,7.8
36.741792,137.016425,11.5
36.769791,137.358939,18.2
36.725334,137.096905,4.4
36.6596,137.314608,76.5
36.693825,137.237714,11.7
36.671388,137.211822,15.4
36.690355,137.211034,8.8
36.695711,137.147068,15.9
