Y,X,-----
36.712194,137.099245,5.2
36.705184,137.194787,9.5
36.696707,137.204284,5.1
36.684902,137.206487,9.4
36.686921,137.219382,12.1
36.694607,137.223062,8.5
36.708299,137.199064,9.7
36.702164,137.184155,11.6
36.708022,137.221117,7.3
36.719326,137.220645,6
36.690108,137.235561,13
36.701968,137.251809,14.7
36.711019,137.263028,11.6
36.686582,137.26803,23.2
36.754184,137.230282,3.4
36.729798,137.267945,9
36.758268,137.278777,4.7
36.746519,137.247503,6.5
36.730292,137.241972,8.9
36.71343,137.246892,11
36.686108,137.184567,9.1
36.677026,137.220674,16
36.663723,137.230479,27.7
36.672499,137.20372,13.5
36.678415,137.239866,21.6
36.671806,137.253448,34.3
36.653918,137.222258,28.5
36.653863,137.250533,50.1
36.746435,137.229699,6
36.629227,137.22112,40
36.622506,137.252756,78
36.634503,137.194761,31
36.754738,137.195507,3.8
36.740851,137.196146,6.3
36.745239,137.208062,3.3
36.749044,137.191036,4.2
36.714242,137.168901,14.8
36.720075,137.189065,19.7
36.729879,137.153097,2
36.707632,137.131739,4.4
36.691578,137.14121,16.8
36.682773,137.120074,30.5
36.752464,137.306775,2.8
36.75213,137.299886,2.7
36.739743,137.324607,5.7
36.721078,137.292805,9.1
36.726495,137.314025,6.4
36.57801,137.206511,96.1
36.604174,137.204094,65.3
36.585315,137.224482,116.7
36.609618,137.300918,153.4
36.618951,137.278948,115.8
36.603202,137.256756,98.8
36.574319,137.384272,319
36.575461,137.13781,90.1
36.600328,137.163051,55.5
36.61122,137.137224,44.4
36.571685,137.158071,118
36.660477,137.159242,14
36.668593,137.175696,12.6
36.677532,137.151675,13.4
36.629838,137.171644,31.7
36.656223,137.127898,24.3
36.629967,137.094553,104.5
36.637476,137.135319,24.1
36.585919,137.080249,121
36.535882,137.232871,134.7
36.759714,137.260508,4.9
36.747263,136.993306,9.8
36.754651,137.015692,7.3
36.743152,137.003361,6.2
36.743319,137.022553,9.6
36.750513,137.009943,5.4
36.750541,137.015776,7.9
36.735737,137.018915,10.6
36.751096,137.000916,8.6
36.775343,137.007552,6.7
36.795369,137.054243,11.7
36.78862,137.046633,20.7
36.766178,137.042523,4.9
36.723848,136.985837,13.3
36.713378,137.00989,14.5
36.743958,137.034553,8.3
36.773067,137.078242,1.4
36.820893,137.024133,5.9
36.734708,136.965644,10.6
36.719459,136.958673,16
36.683186,136.988394,27.7
36.683158,136.969451,26.4
36.683133,137.026111,24.4
36.739847,136.99614,6.8
36.713937,136.931531,15.4
36.803747,137.397958,7.1
36.816404,137.409179,18.8
36.826976,137.422772,38.1
36.831931,137.406039,12.5
36.849652,137.418538,7
36.850582,136.981914,5.7
36.862191,136.981553,2.6
36.819976,137.004523,9.3
36.839,136.991024,4.5
36.809476,136.963084,6.6
36.832612,136.958973,2.4
36.866856,136.942779,8.4
36.884799,136.987968,6.3
36.919896,137.025093,6.1
36.765491,137.34066,4
36.759603,137.333966,2.7
36.77513,137.374823,34.9
36.758798,137.375574,46.7
36.745411,137.39574,107.4
36.735939,137.368437,22.3
36.750937,137.349466,11.9
36.893785,137.416094,1.9
36.852818,137.440731,10.3
36.867372,137.42251,2.5
36.899173,137.425898,4.4
36.88262,137.445896,19.1
36.866875,137.448946,17.3
36.879843,137.472199,43.5
36.873039,137.495196,69.8
36.867103,137.521405,102.2
36.63157,136.94906,55.5
36.616168,136.98434,70.8
36.650052,136.979396,47.2
36.612473,136.951149,67.4
36.652579,136.94376,41.9
36.635556,137.010532,55.5
36.626693,136.927679,50.7
36.573159,136.989635,106.7
36.674436,136.857017,48
36.671659,136.897736,28.2
36.685907,136.87571,25.6
36.627618,136.848289,67
36.625776,136.893515,43.9
36.511228,136.897262,151.5
36.402132,136.923906,309
36.455887,137.030156,637
36.566258,136.963177,97.8
36.59542,136.915681,54.8
36.532787,136.856939,109
36.561784,136.861853,87.7
36.556063,136.887545,79.2
36.775456,137.089935,1.5
36.777094,137.081686,1.5
36.747347,137.089075,2
36.755069,137.118378,0.9
36.772397,137.12687,3.9
36.758209,137.155401,1.8
36.759595,137.064216,2.9
36.725351,137.104852,3.7
36.687605,137.075411,14.2
36.708297,137.10613,6.4
36.709514,137.088887,7.3
36.70052,137.094493,21.3
36.724489,137.053663,8.3
36.740627,137.146903,1.9
36.733219,137.065012,5.8
36.70322,137.30611,11.4
36.712109,137.330996,12.2
36.700527,137.363216,41.3
36.712693,137.377464,54.7
36.716831,137.353994,20.6
36.693695,137.380909,79.4
36.681862,137.364244,46.7
36.67028,137.424347,295
36.686833,137.315637,24.2
36.656114,137.315305,83.4
36.668002,137.331442,62.6
36.682055,137.293057,31.6
36.660653,137.35011,92.4
36.6302,137.322527,139.8
36.603092,137.323083,199.9
36.577776,137.384833,377.6
36.899508,137.517719,71.1
36.924471,137.458764,10.9
36.929335,137.486749,23.3
36.936001,137.505079,25.5
36.891399,137.547825,121.7
36.94361,137.518324,19.7
36.955835,137.562012,13.4
36.919146,137.559128,64
