Y,X,-----
36.685629,137.22524,11.1
36.697823,137.205433,8.2
36.67901,137.23036,17.6
36.686864,137.212985,9.6
36.687744,137.218024,11.8
36.668406,137.220623,20
36.705624,137.265233,13.4
36.683976,137.241366,18
36.721008,137.138127,2.3
36.67092,137.249591,32.9
36.748347,137.246387,5.9
36.664756,137.173763,14.1
36.746268,137.019226,12.5
36.756746,136.999251,8.3
36.727129,136.98802,12.7
36.7678,137.077187,1.8
36.701537,136.938071,19.2
36.850784,136.961813,6.6
36.759075,137.342982,6.6
36.725451,137.103455,3.6
36.697149,137.096381,30.8
36.715342,136.920823,16.5
36.745341,137.230868,6.3
36.688032,137.268147,21.8
36.597408,137.206416,71.4
36.573735,137.20802,102
36.716046,137.198222,7.9
36.676496,137.212255,14.6
36.609335,137.130468,55.1
36.684994,137.186697,8.8
36.599898,137.161784,55.2
36.694826,137.219423,7.8
36.73144,137.268945,8.2
36.668303,137.226497,22.8
36.716973,137.227699,7.5
36.673413,137.239833,25.3
36.660351,137.222146,25.3
36.706764,137.217893,7.1
36.691375,137.252395,18
36.644522,137.234607,43.5
36.676477,137.255704,29.9
36.731152,137.292485,6.2
36.709317,137.231891,8.8
36.755507,137.195918,3.6
36.71448,137.244523,10.2
36.755932,137.252092,5.2
36.711859,137.263235,11.3
36.699757,137.255625,13.4
36.586453,137.208372,88
36.669021,137.171591,12.2
36.63929,137.136506,22.9
36.658878,137.153098,14.6
36.690705,137.208552,8.4
36.700188,137.218566,7.1
36.654684,137.225751,31
36.748149,137.210059,1.8
36.682738,137.214084,11.5
36.702062,137.216518,6.6
36.699687,137.183428,11.8
36.655718,137.221,27.2
36.747946,137.230554,5.8
36.632732,137.219151,37
36.756624,137.308872,1.8
36.663666,137.18114,15.3
36.658943,137.140024,16.3
36.656647,137.160898,15.1
36.683141,137.219354,13.1
36.721622,137.221498,5.5
36.608596,137.136469,46.3
36.70643,137.163816,17.6
36.682945,137.220665,13.5
36.676654,137.204334,12.6
36.700898,137.194695,7.4
36.703659,137.25481,13.2
36.691071,137.214237,11
36.686828,137.237402,15.8
36.618476,137.278676,115.9
36.610142,137.300388,152.7
36.717356,137.177075,10.5
36.703427,137.229479,9.2
36.663793,137.241835,33.2
36.66375,137.23691,29.2
36.660988,137.227819,27.1
36.682223,137.207553,11.1
36.712426,136.930346,16.2
36.793825,137.053602,13.6
36.736495,137.037664,7.9
36.747935,137.016018,8.3
36.744611,136.995642,6.5
36.681822,137.02049,25.8
36.740224,136.965393,10.4
36.722802,137.004093,9.3
36.755778,136.963356,8.8
36.679034,137.030969,43.2
36.743666,137.006622,6.2
36.751054,137.037258,7.2
36.736259,137.006017,7.4
36.761139,137.035979,6.9
36.788739,137.048141,19.6
36.740674,136.988221,9.9
36.742855,137.032519,8.2
36.744396,137.023699,9.3
36.755191,137.034268,6.4
36.827523,137.425799,42.4
36.81741,137.40466,14
36.83993,137.431115,25.9
36.824398,137.416631,32.7
36.814165,137.395183,3.4
36.801287,137.401378,12.7
36.868204,136.978683,3.5
36.850339,136.982234,5.5
36.768785,137.343476,5.8
36.747349,137.342941,8.9
36.776902,137.383042,42.7
36.759517,137.375202,45.9
36.631619,136.961092,56.4
36.651555,136.972204,44.3
36.642944,136.956263,49.3
36.65918,137.017044,40.6
36.67728,136.864555,34.3
36.676508,136.859537,46.8
36.62236,136.893477,43.8
36.594706,136.918863,56.6
36.55681,136.880149,81.1
36.706758,137.090193,15.9
36.764666,137.148621,1.5
36.720696,137.10666,4.3
36.783167,137.070061,1.6
36.703092,137.108562,8.9
36.703069,137.304843,11.8
36.719344,137.3498,17.4
36.715905,137.328516,10
36.66641,137.316312,64
36.678751,137.338261,42.5
36.705089,137.195764,8.9
36.622278,137.253009,79
36.634856,137.195494,30.7
36.71765,137.166193,4.2
36.751583,137.308169,2.3
36.705561,137.208696,6
36.577615,137.206046,96.2
36.60499,137.212957,63.5
36.618787,137.279391,116.2
36.659366,137.159156,14.2
36.813207,137.396697,4
36.889508,137.418719,1.5
36.867097,137.419173,2.4
36.881617,137.446218,19.7
36.627834,137.010662,62.5
36.753707,137.143952,1.5
36.724755,137.054915,8.5
36.63551,136.950481,53.3
36.611479,136.950983,66.9
36.654677,136.945308,41.4
36.629068,136.989226,61.2
36.679016,136.875891,25.1
36.665609,136.892651,29.5
36.636324,136.853098,40.1
