0	0
30	30
33	33
38	38
75	75
90	90
169	169
212	212
217	217
220	220
224	224
237	237
250	250
252	252
256	256
260	260
341	341
343	343
345	345
392	392
574	574
715	715
721	721
728	728
816	816
818	818
824	824
863	863
963	963
1205	1205
1225	1225
1546	1546
1592	1592
1674	1674
1722	1722
1737	1737
1748	1748
1945	1945
1963	1963
1969	1969
1986	1986
2047	2047
2071	2071
2076	2076
2084	2084
2085	2085
2087	2087
2093	2093
2094	2094
2099	2099
2102	2102
2119	2119
2121	2121
2122	2122
2126	2126
2133	2133
2137	2137
2142	2142
2144	2144
2159	2159
2168	2168
2205	2205
2218	2218
2223	2223
2256	2256
2258	2258
2261	2261
2269	2269
2272	2272
2283	2283
2301	2301
2303	2303
2319	2319
2327	2327
2332	2332
2357	2357
2371	2371
2375	2375
2392	2392
2407	2407
2419	2419
2434	2434
2438	2438
2474	2474
2483	2483
2488	2488
2491	2491
2493	2493
2497	2497
2498	2498
2499	2499
2503	2503
2513	2513
2538	2538
2578	2578
2588	2588
2597	2597
2599	2599
2618	2618
2737	2737
2738	2738
2762	2762
2847	2847
2889	2889
2904	2904
2934	2934