同一路線での周辺の人身事故
0
0
0
0
3229
0
0
0
0
0
0
0
0
0
0
0
0
0
0
0
0
0
3222
0
0
0
0
0
0
0
0
0
3222
0
0
0
0
0
0
0
0
0
0
0
0
0
0
0
0
0
0
0
0
0
0
0
0
0
0
0
0
3216
0
0
0
0
0
0
0
0
0
0
0
0
0
0
0
0
0
0
0
0
0
0
0
0
0
0
0
0
0
0
0
8422
8422
0
0
0
0
0
0
0
0
0
0
6064
0
0
0
0
0
0
0
0
0
0
0
0
0
0
0
0
3216
0
0
0
0
8430
0
0
0
0
0
0
0
0
0
0
0
0
0
0
0
0
0
0
3216
10414
0
0
0
3224
0
0
0
0
0
3224
0
0
0
0
0
0
0
0
0
3234
0
0
0
0
0
3216
0
3224
0
0
0
0
0
0
0
0
0
0
0
0
0
0
0
0
0
0
0
0
0
0
0
0
0
0
0
0
0
3225
0
0
0
0
0
0
0
6063
0
0
0
0
0
0
0
0
0
0
0
0
0
0
0
0
0
0
0
6076
0
0
0
0
0
0
0
3216
0
0
0
0
0
0
0
0
0
0
0
0
0
0
0
0
0
0
0
0
0
0
0
0
8424
0
0
0
0
0
0
0
0
3216
0
0
0
0
0
0
0
0
0
0
0
0
3216
0
0
0
0
0
0
0
3214
0
0
0
0
0
0
0
0
0
3216
0
0
0
0
0
0
0
0
0
0
0
0
10416
0
0
0
0
0
0
0
0
0
0
0
0
0
0
0
0
6060
0
0
0
0
3224
0
0
0
0
0
0
0
0
0
0
0
0
10417
0
0
0
0
0
0
0
0
0
0
0
8426
0
0
0
0
0
3216
0
0
0
0
0
0
0
0
0
3216
0
0
0
0
0
3216
3216
0
0
0
0
0
0
0
0
0
0
0
0
0
0
0
8425
0
0
0
0
0
0
3219
0
0
0
3234
0
0
0
0
8426
0
0
0
0
0
0
0
0
0
0
0
0
0
0
0
0
0
0
0
10419
0
0
0
0
0
0
0
0
0
0
0
3216
3216
0
0
0
0
0
0
0
0
0
0
0
0
0
0
3224
0
0
0
0
0
0
0
0
0
10414
0
0
0
0
0
0
0
6073
0
0
0
0
0
0
0
0
0
0
0
0
0
0
0
0
10414
10414
0
6060
0
0
0
6056
0
0
0
0
0
0
0
0
0
0
0
0
0
0
0
0
8422
6060
0
10414
0
0
0
0
0
0
6060
6060
10417
0
0
0
0
0
0
0
0
6054
0
0
0
10414
0
0
6094
18
0
0
0
0
0
0
0
0
3282
28
0
0
3258
0
0
0
0
14
0
28
0
0
0
0
0
0
0
0
25
0
0
0
0
3247
0
1
0
3265
0
8436
9
0
0
0
0
15
0
28
0
0
0
8455
0
3282
0
0
0
0
0
0
0
0
0
3279
0
0
0
0
0
0
0
0
0
0
0
0
49
0
0
0
0
0
0
14
0
0
0
0
0
19
0
3249
0
0
0
0
0
0
0
28
6112
0
0
0
32
0
0
0
0
0
0
0
0
0
0
0
0
0
0
0
0
0
0
0
8439
0
0
3279
0
0
0
0
0
44
0
0
0
3252
0
0
0
0
0
3256
0
28
0
6116
0
0
0
6116
0
0
0
0
8447
6108
0
0
0
0
0
3258
0
0
6116
0
0
0
10
1
0
0
0
0
0
6086
0
0
0
6108
3258
0
0
6108
0
0
0
0
0
0
0
0
8436
0
0
0
0
0
0
0
8454
0
0
0
6116
0
3
0
1
0
0
0
0
0
0
0
0
0
20
0
0
0
0
0
0
0
1
0
0
0
0
0
0
0
0
6108
6086
0
0
0
0
0
0
3258
0
0
0
0
3269
8436
0
0
0
0
3278
0
22
0
0
6116
0
0
0
0
0
0
6116
3270
44
6080
8448
0
0
0
0
0
0
0
0
0
0
6108
0
0
3247
0
0
6091
0
6116
0
0
0
0
0
0
0
0
0
0
0
0
31
6108
0
0
0
28
0
15
0
0
0
0
3249
0
0
0
0
0
36
0
15
0
0
0
0
3258
0
3258
0
0
0
0
0
0
0
0
0
0
0
0
0
3282
3283
0
0
0
0
0
6108
0
0
0
0
6080
0
0
3283
0
0
0
0
6116
47
3270
0
0
0
0
0
0
0
0
3277
0
6108
0
28
0
0
0
0
9
0
6108
0
0
0
0
0
0
0
0
3278
8441
3
0
0
0
0
0
0
6116
0
8448
0
3245
0
0
0
6116
0
0
10
3269
0
0
0
8452
6108
0
0
12
7
0
0
0
0
0
0
0
0
6108
0
0
0
0
0
0
0
0
6102
6116
0
0
0
0
22
0
0
0
0
0
0
44
0
0
3282
0
0
0
0
0
0
8455
0
0
0
0
0
0
3271
0
0
0
0
0
0
8448
0
0
0
3252
0
0
0
0
0
0
0
3265
44
0
1
0
35
0
0
0
0
0
0
12
8436
0
0
0
0
0
0
32
0
0
0
0
0
0
0
0
0
0
0
0
0
0
0
3266
18
0
0
0
0
0
0
0
9
0
0
0
0
0
0
0
0
0
6105
15
6116
0
0
12
0
0
0
0
0
0
0
0
0
0
68
0
3290
0
111
0
0
76
0
3303
0
3303
6126
0
0
0
0
3309
0
0
6127
0
0
0
3335
0
0
0
0
0
3360
97
73
6139
0
0
109
0
0
0
0
0
0
83
110
0
0
6158
0
6143
143
3310
0
0
80
0
0
3345
0
3350
71
0
3338
0
101
0
0
143
0
0
3307
0
0
3310
0
8477
6152
0
0
3339
0
0
0
63
0
0
0
0
0
3307
0
0
0
0
83
0
3309
0
0
0
6143
0
0
0
0
73
0
3285
6146
6156
0
0
0
0
0
8467
0
0
0
0
103
3317
0
3320
0
8457
6176
0
0
3307
0
52
83
0
0
59
0
143
143
0
0
0
94
0
0
0
3358
0
0
0
0
0
0
3332
0
0
6162
0
0
0
3309
3319
89
0
0
0
0
3369
6126
3320
0
0
0
79
0
0
0
90
0
0
3346
100
80
0
0
3338
0
0
0
0
0
143
0
3338
0
0
0
0
0
0
0
8491
0
0
0
0
0
0
0
0
94
60
8460
0
0
3319
0
6155
3320
0
0
0
0
0
54
0
0
8457
3320
0
0
58
0
3303
0
0
0
0
108
3369
0
0
0
0
3304
0
0
0
60
0
0
3317
0
135
6162
0
0
143
0
0
0
0
0
0
0
0
0
3363
0
0
0
0
0
0
105
0
0
3327
0
0
0
0
115
3347
0
0
0
0
143
0
0
0
3303
0
0
0
0
0
0
0
0
3317
52
0
0
0
0
0
0
0
0
0
0
3369
0
8464
0
0
0
0
110
0
3306
0
0
3369
6127
0
0
3301
0
0
0
0
0
3317
3317
3286
3299
6130
0
0
0
0
101
0
0
110
0
0
0
0
0
8460
0
3287
0
132
6137
0
143
3338
0
0
0
0
0
0
0
0
0
0
0
0
0
0
0
0
0
0
143
0
0
0
0
0
0
0
0
0
0
0
6127
0
3317
3367
0
0
0
0
0
0
0
0
0
0
0
6132
0
0
3335
0
55
0
0
0
0
0
8467
8481
0
0
0
0
3310
0
3317
0
0
0
6130
0
3290
8481
0
0
143
0
0
52
0
0
8480
90
0
3314
0
0
0
0
0
0
0
0
0
3320
52
3314
0
3285
0
0
80
0
0
0
0
0
57
0
3314
0
0
75
0
60
3317
0
6165
143
3339
3315
0
0
8469
0
3317
130
6126
0
0
0
0
116
3364
0
0
3317
0
0
3295
0
0
3319
0
0
0
3314
71
6126
0
0
0
0
0
8460
0
0
3295
143
0
108
0
0
3340
79
80
0
0
6173
0
0
89
0
0
8488
0
0
0
6159
0
130
89
0
8456
108
59
3324
0
8467
8480
0
0
0
0
0
0
0
8481
0
0
0
0
3339
0
0
0
3317
52
0
0
3330
0
59
0
0
0
0
0
108
8460
3320
6159
6122
62
59
0
73
0
0
0
3369
117
3319
3320
3345
6137
0
0
0
0
6126
8457
6122
103
0
0
0
0
0
0
0
3309
6165
8485
0
0
8488
3307
0
3317
0
0
3303
0
0
0
6143
0
0
0
0
0
0
0
3309
0
8460
112
0
0
0
8469
8460
0
0
0
0
0
143
3314
3337
0
0
0
0
0
0
0
0
0
0
107
0
3324
6122
3317
0
0
0
0
0
3294
0
143
0
0
0
103
0
0
0
0
0
0
0
0
0
3347
8477
0
52
0
0
69
0
0
0
0
117
0
0
143
0
3319
0
85
0
0
0
3292
0
0
0
0
135
3317
0
0
0
0
0
0
0
6159
86
0
83
3317
0
0
0
0
0
0
0
0
3369
6156
0
0
0
0
0
0
3314
0
0
72
0
0
0
0
0
3290
0
0
0
0
0
59
3315
0
0
0
0
69
0
0
0
0
0
0
0
0
0
0
0
0
0
0
3330
3334
143
0
0
94
3336
0
80
0
0
0
0
0
0
0
3344
0
0
73
143
0
0
0
0
0
97
3310
0
3306
3326
3285
0
3369
0
0
6158
143
0
0
0
3320
0
0
0
106
0
0
6175
0
3305
0
0
6130
0
3330
0
0
0
3320
0
0
0
0
0
73
0
0
0
0
0
0
0
143
0
0
126
0
0
3369
6135
126
8480
0
0
0
0
3309
0
0
0
0
52
0
0
110
0
0
0
0
0
0
0
0
3335
0
6141
0
0
0
0
125
0
3299
6178
0
0
0
0
0
0
0
168
0
0
6209
8538
186
0
179
6228
0
3442
175
175
161
0
6202
229
3442
185
0
0
153
0
0
201
231
0
0
0
0
0
0
0
8521
6231
210
156
0
6231
0
0
169
0
0
6194
0
6231
0
0
0
6189
0
146
161
168
3406
0
179
0
0
0
0
0
166
168
8521
156
246
166
0
0
0
0
0
0
0
161
6223
0
0
0
0
189
166
154
0
0
0
179
6194
0
0
155
0
0
6234
0
232
145
165
0
8509
8519
3442
6194
0
166
0
6231
0
0
0
0
0
0
0
0
161
0
0
225
189
6231
0
0
0
0
0
6242
8531
0
203
6231
0
3398
0
0
0
0
0
0
263
156
0
0
0
0
145
3417
0
0
8533
0
0
175
161
0
0
0
6231
0
148
3405
3388
159
8531
6231
0
0
166
0
6231
0
148
0
8515
0
0
152
0
0
6231
3380
0
155
0
0
3389
0
149
0
6231
156
0
168
0
198
8521
8521
213
0
0
0
8521
205
3405
0
0
3442
0
0
0
220
0
0
0
0
171
155
0
0
155
0
0
0
0
0
223
0
0
0
0
0
0
151
0
187
0
0
0
144
0
153
189
0
3386
0
229
0
213
0
0
0
0
8537
146
0
0
203
0
6217
146
6231
6234
8534
189
189
0
8531
0
0
0
155
0
0
0
0
239
0
0
0
166
3400
171
171
0
168
0
8531
209
0
156
0
0
148
0
8531
229
0
3378
263
0
0
6231
0
0
263
0
0
0
0
0
0
168
3382
0
0
0
0
166
0
0
6189
261
0
0
188
0
0
0
146
0
8521
8500
0
0
252
0
0
0
0
0
0
0
203
0
229
0
187
0
146
0
0
0
183
6231
3390
3378
6221
0
0
0
153
0
0
3402
0
213
0
6231
0
8531
0
6209
0
0
0
0
8531
157
3442
166
166
0
0
0
8531
0
0
0
247
0
6231
0
0
8509
0
175
0
0
0
0
0
243
0
166
0
0
0
0
0
240
0
153
6231
0
155
0
6201
0
0
0
6209
146
0
0
0
168
0
3405
0
0
3409
0
166
0
0
0
0
0
170
155
225
0
0
3400
0
0
0
3409
0
0
0
0
0
0
3417
0
0
220
8531
161
0
3426
6197
0
0
0
159
8515
155
0
0
166
174
0
0
166
146
3426
0
3388
0
161
0
0
166
0
179
0
0
0
0
0
0
6231
0
0
0
0
0
0
0
3385
209
0
0
0
0
0
152
180
0
0
0
8521
0
0
0
3378
3402
0
0
0
181
0
148
8500
0
0
6231
0
8531
0
0
179
0
0
0
168
0
0
6209
0
8535
8531
156
0
0
0
0
0
0
239
3446
0
187
0
0
0
0
0
0
0
0
6231
0
6231
0
169
206
0
216
0
0
0
154
0
0
0
263
0
168
195
6231
0
0
0
8537
0
0
0
0
239
166
0
155
0
0
0
6201
0
156
0
0
0
8531
0
0
223
0
154
0
8536
0
153
3411
0
146
0
0
0
3426
232
0
168
0
0
0
0
0
206
168
154
0
0
0
0
0
168
0
0
0
0
0
0
0
169
3386
0
0
0
0
229
239
171
0
0
0
232
155
8530
0
0
0
0
155
0
0
6193
0
0
0
0
0
0
6231
0
156
0
0
0
0
0
0
0
168
0
198
0
0
180
0
0
0
168
0
0
0
0
0
0
161
0
8521
146
0
3406
0
156
154
6231
0
6201
0
229
0
8521
0
180
0
0
254
0
0
0
0
0
168
240
185
0
0
0
0
0
0
0
8521
171
0
0
0
0
0
0
6231
179
0
0
156
0
225
0
8518
0
213
213
0
0
263
239
229
0
0
0
161
146
0
0
0
0
0
0
0
6231
0
0
0
0
8505
0
0
146
0
0
0
166
0
3382
6197
166
0
0
0
3406
3425
0
0
3417
3417
0
146
0
166
0
0
0
8516
6194
166
0
0
0
3395
0
3380
0
0
188
167
0
0
0
0
156
0
213
0
0
0
0
0
6196
0
6209
0
0
0
185
3426
0
166
168
0
0
157
3409
148
0
6194
146
0
169
0
0
0
3429
156
8531
0
198
155
144
0
0
0
3441
6231
0
3378
0
0
161
0
0
0
0
0
0
0
0
0
0
174
187
0
0
3386
189
8515
0
0
0
6221
0
0
264
0
0
0
0
0
0
0
168
0
0
6231
0
169
0
0
0
0
8521
0
0
3413
0
3446
0
0
209
0
153
0
0
0
0
0
3410
0
0
168
8513
218
0
168
0
0
0
0
0
0
0
0
0
0
0
198
3426
0
0
0
6196
0
0
0
0
227
3442
243
0
0
0
0
6213
0
0
0
0
6231
6231
0
0
0
0
0
8531
154
3378
0
0
0
6241
0
3473
3473
0
3509
0
0
8552
0
0
0
280
328
0
291
3474
0
0
327
0
6244
293
3529
3509
274
0
3518
0
0
0
290
6277
0
0
0
0
3521
3509
3523
275
0
340
267
0
3458
6267
0
0
8554
0
3486
282
0
0
3518
0
3523
340
0
0
292
0
293
0
0
0
0
3460
0
340
8561
0
0
283
340
0
280
0
355
0
3485
3475
0
3486
3521
336
0
3474
354
3521
267
0
0
271
0
0
8548
269
280
0
6273
340
0
340
0
280
3499
0
296
8604
0
0
3459
0
296
0
0
329
0
0
270
269
0
340
0
0
0
0
354
0
0
0
0
0
8595
280
0
320
0
320
0
0
0
0
0
268
3522
317
327
300
290
340
0
3533
0
0
3495
0
320
0
287
3509
0
0
296
290
0
0
282
3488
3512
275
0
0
6274
0
354
0
0
0
0
0
320
268
0
0
0
0
0
3518
340
0
0
0
0
291
0
0
321
0
0
0
8576
0
8553
281
0
275
3509
3486
3515
0
0
0
6244
3497
268
0
6308
0
0
3488
3505
3523
3521
342
0
0
0
0
340
0
8554
0
6286
322
267
0
0
0
271
3518
280
0
323
270
6244
3525
0
0
0
0
0
0
275
3527
296
3481
0
0
290
280
344
0
0
0
0
343
0
0
0
280
0
0
0
268
0
8554
0
0
322
0
0
0
0
0
269
0
280
0
0
340
340
0
0
3509
0
0
0
291
6308
6264
289
0
0
0
3512
0
0
0
0
0
6268
3523
0
3509
0
3522
340
0
0
0
0
340
3513
0
0
296
0
352
8604
340
0
0
274
8569
0
3518
8553
340
274
0
0
0
0
3475
0
0
3521
0
3521
281
340
0
6286
0
0
0
3475
0
0
0
8554
6286
311
0
0
8581
0
0
0
0
0
0
3525
6268
3481
0
0
3462
0
287
0
6274
0
0
271
327
0
0
3455
0
306
0
0
0
344
0
0
0
0
317
289
289
310
0
3455
0
0
0
0
3523
340
0
0
0
0
8553
271
323
0
3509
332
3486
0
0
270
0
3521
0
0
0
0
277
3455
340
348
340
0
8553
6276
3481
0
293
0
275
0
3521
0
0
0
8573
0
0
0
8554
0
0
0
0
0
0
3480
280
3509
281
0
0
3473
338
0
340
3509
3509
0
0
0
0
0
0
0
0
0
0
0
280
0
0
291
340
0
334
323
0
317
0
0
0
0
3523
6314
0
0
0
0
0
270
0
280
0
3501
0
0
0
315
280
0
3474
270
0
0
0
271
0
0
0
3473
0
340
0
280
3505
0
0
3509
0
287
0
0
0
8553
268
0
280
3523
0
0
3486
327
0
0
0
6256
0
0
291
291
304
8587
268
3521
0
0
0
0
3512
275
287
0
340
0
3459
0
8576
0
3534
0
0
0
0
0
0
280
0
0
0
0
0
291
271
6257
340
0
0
8576
0
0
0
0
0
0
0
340
0
8546
0
0
0
0
0
0
3480
3521
3509
0
348
0
0
3523
6304
0
3495
0
0
0
272
0
0
0
0
0
336
0
0
0
343
0
0
271
0
3521
8561
0
3495
322
0
0
0
0
3509
0
6264
0
0
0
0
0
3459
0
273
0
352
354
0
0
6278
0
0
0
0
0
0
8572
0
0
0
3474
8595
0
3474
291
3486
6286
3521
0
0
3495
343
0
0
8561
340
294
0
305
274
290
3468
8553
0
0
3468
271
340
0
0
340
0
0
0
3480
0
3475
0
0
0
0
0
0
0
3509
0
0
0
0
0
0
8618
431
0
0
394
446
0
374
0
3567
3587
0
6330
397
0
0
0
0
0
3617
0
0
0
0
0
0
0
0
387
0
8637
0
0
399
0
0
399
0
0
405
0
0
0
0
0
426
0
0
0
0
0
0
3613
0
368
8618
0
403
0
6384
3564
0
0
0
0
0
3587
6387
377
387
0
0
0
0
0
0
0
0
0
0
0
0
6339
3574
454
0
359
3573
6385
6330
8618
0
0
356
0
0
0
0
6330
6355
0
0
0
0
0
0
3546
400
0
0
0
0
0
3567
0
0
0
0
3574
6375
0
0
0
3552
0
0
3542
0
0
6370
0
0
0
0
0
0
0
0
0
0
0
0
0
3585
0
0
0
0
0
428
0
0
6349
3542
8611
0
0
0
0
452
420
396
0
6386
3574
0
0
0
0
3625
0
0
3574
6319
0
0
0
0
409
0
0
0
0
0
6319
0
0
0
0
0
0
0
0
0
0
0
0
0
0
0
0
3573
0
395
0
0
0
0
0
0
0
0
0
3613
0
438
0
3546
0
0
0
405
0
3576
6319
3630
0
0
0
0
360
0
6372
0
3587
0
0
6361
0
426
0
0
366
0
0
389
0
3594
0
0
0
3565
0
3574
0
0
380
396
0
0
3583
3587
8627
0
0
0
3573
3552
3574
388
3574
0
0
0
8656
3548
3565
428
0
0
0
0
0
8679
3605
0
0
0
0
0
0
0
0
0
420
0
0
0
0
0
387
0
0
0
6386
6384
0
0
446
6321
357
3573
0
3574
0
0
387
0
0
0
0
6343
0
0
0
8679
0
3574
6384
0
401
0
0
6335
397
0
0
0
0
0
0
403
0
0
3565
0
0
0
0
0
0
0
8620
3587
0
0
0
0
3542
0
0
6323
8679
420
0
0
8620
0
0
0
6326
0
0
0
0
3549
0
0
0
0
0
0
3574
8679
3587
393
0
0
6364
0
8620
0
0
0
0
3574
0
0
0
0
6331
0
0
0
0
8661
0
0
0
0
0
0
0
0
425
0
0
0
0
0
0
0
3542
0
3564
3542
3574
3574
445
358
0
0
387
6319
0
0
0
0
0
8679
0
0
0
0
0
366
3574
0
0
0
368
0
0
3564
0
0
0
0
0
3553
0
0
0
0
3574
0
429
0
357
0
369
395
0
0
0
0
6384
8624
3606
3617
428
0
0
0
6364
0
0
0
0
3571
8621
0
3565
0
445
0
0
3574
0
0
0
0
0
0
0
0
6319
8669
0
0
0
0
0
0
0
0
0
0
0
0
0
0
0
0
369
3574
417
3542
0
0
8679
0
0
0
0
3574
0
0
0
0
0
0
0
0
402
0
417
0
453
3587
3585
0
3587
0
449
0
0
0
6335
0
427
0
0
0
0
0
0
0
0
3585
0
0
453
0
0
416
0
0
0
0
0
0
0
0
0
6385
0
0
0
377
0
3610
0
0
0
0
415
0
0
0
425
0
0
0
0
0
0
0
0
0
0
0
0
6372
401
0
425
0
0
391
0
0
0
401
0
0
368
0
446
0
0
415
417
0
372
0
8679
0
0
0
0
8656
437
0
0
0
3574
0
0
0
0
6319
0
0
0
0
0
0
0
0
0
3587
0
0
0
0
0
3571
3574
3587
8637
3546
0
0
357
0
0
0
387
0
0
0
0
3546
393
0
3557
0
0
0
0
3585
0
0
0
394
0
0
0
420
0
0
0
0
0
0
454
0
0
454
0
0
384
0
0
0
0
3574
0
0
0
0
0
0
3573
3581
0
454
0
0
0
0
0
366
0
0
0
3562
0
0
0
0
0
3626
0
455
0
6370
0
0
0
3623
0
0
0
0
0
0
8656
0
0
0
3585
400
6384
3585
365
0
0
0
0
6353
0
0
0
0
420
8669
0
0
0
0
0
3557
0
6319
418
6350
3583
369
0
0
0
0
8669
8658
0
0
3575
0
0
3540
431
371
0
0
0
0
0
0
3576
0
0
0
6382
0
6384
0
0
0
0
0
8679
0
0
0
0
6352
0
0
0
0
0
0
3630
3587
0
0
0
0
0
0
0
389
426
0
0
0
421
430
0
8683
0
390
3579
415
0
0
0
0
0
377
0
0
0
0
0
8609
0
0
0
0
0
0
3587
0
0
3468
0
0
0
0
3554
0
0
0
392
392
0
0
0
0
0
0
415
0
0
0
6384
428
0
410
0
0
0
0
0
3627
398
0
0
0
3550
0
0
0
0
1255
3834
0
1051
971
4184
3631
0
7074
0
0
8699
1106
571
674
0
776
0
643
0
0
0
6481
3635
9298
0
0
471
474
0
536
3647
3647
464
0
482
1046
0
643
627
0
902
0
0
0
4424
747
0
0
6606
623
0
0
0
0
0
0
0
0
644
0
467
0
6449
903
0
497
3930
0
0
916
6954
0
872
0
0
516
0
0
651
4158
1106
0
0
0
0
6612
0
0
3846
1188
0
740
716
904
3705
4229
9137
471
743
6782
985
775
3806
0
0
6518
0
3949
640
1037
0
0
3674
519
0
6589
3761
0
6844
0
747
6954
0
0
3668
0
9165
740
1328
0
672
878
7079
4070
3905
589
8984
6782
770
6507
777
0
1237
1254
6782
0
692
6589
0
0
844
0
4060
3923
1067
0
0
566
503
714
0
6558
482
0
709
0
0
1327
7074
513
3750
0
657
0
6739
4071
719
0
6425
0
0
1047
3911
4298
505
4110
670
0
0
942
0
1337
0
0
0
796
1328
3832
1275
1296
0
0
0
0
524
3997
1037
513
0
0
0
544
467
1055
3806
3806
931
0
1347
0
1055
1136
750
709
6682
571
4121
6920
3841
720
0
0
0
742
0
0
561
0
7023
491
0
0
455
3729
7074
0
0
742
0
0
0
0
1025
6823
6823
577
0
0
669
0
6697
640
0
0
4285
0
614
677
0
482
0
0
6540
0
694
1318
0
478
704
677
0
0
0
0
1056
3767
739
1216
1018
668
0
811
6998
534
0
0
4435
6923
841
0
0
787
784
1109
0
0
0
9289
775
1216
0
0
467
0
0
750
0
743
787
1131
0
0
7119
3672
3823
0
1044
6697
1044
0
0
6501
1292
0
775
0
617
916
4435
4058
0
0
0
750
663
0
0
0
566
4118
668
683
977
6636
3879
0
0
0
0
0
0
657
6999
1316
0
0
467
548
903
507
697
8726
0
0
6475
904
6697
0
1201
0
833
3680
0
623
619
0
0
465
0
0
531
9165
774
619
4159
0
0
4096
0
487
8773
0
1025
1025
0
0
9021
0
683
0
697
758
775
4129
0
0
562
0
0
837
0
0
524
0
3664
0
6863
6741
0
0
773
4058
0
0
0
0
0
0
6799
0
3939
796
0
4365
6606
609
1231
1216
0
0
0
538
0
6443
4000
0
952
750
0
519
0
854
0
1058
0
602
651
3666
628
6475
637
7074
0
0
678
8859
7158
0
0
0
4121
0
3980
742
563
0
1254
672
0
784
0
6663
0
3729
653
3715
1155
0
0
0
1347
900
0
0
1106
6558
4090
8724
704
672
471
566
4042
501
0
838
722
9106
709
1174
773
0
0
677
9069
0
0
972
0
0
6987
467
984
1044
675
6577
4108
1255
467
0
628
6999
6663
663
838
0
0
0
0
0
672
0
0
3639
0
9165
4214
994
813
770
0
3930
0
675
886
0
0
0
0
0
4096
0
0
955
0
0
0
3824
8939
3731
1117
1173
585
0
0
0
8711
902
8984
742
669
1318
904
531
9227
0
8724
0
4121
4121
0
0
6799
4259
531
734
1047
6697
4375
478
742
0
0
0
0
670
0
3923
928
3777
0
743
3641
8805
837
4424
1078
960
0
0
766
6867
0
0
4063
714
0
0
4206
730
4327
786
4117
1013
1060
0
0
1132
0
6897
0
7074
0
0
0
0
0
0
0
0
0
955
0
0
3754
4086
9146
0
683
482
6396
963
3846
0
1111
0
0
709
975
887
0
716
3832
999
3648
773
0
0
8826
0
734
3826
3658
0
869
0
3670
0
1213
643
623
8994
0
578
0
3988
0
0
773
904
0
623
8711
0
6437
800
931
0
1104
0
0
8804
0
0
0
4399
876
7002
0
672
0
857
808
0
841
1347
534
1236
0
994
854
750
0
0
0
0
0
3949
0
1255
6561
3633
0
0
0
0
544
0
628
0
1047
722
903
0
0
1126
7074
1197
6589
0
0
465
486
3702
4040
0
0
0
0
1025
8777
0
4259
1046
4435
570
463
0
0
0
664
792
0
0
1231
4209
0
0
0
6693
766
838
924
6561
640
963
931
0
9056
674
494
0
1228
0
1319
531
0
0
0
6606
3928
467
848
4229
813
467
1231
6420
0
6958
4121
4238
678
674
0
467
1074
955
828
6537
675
1044
0
4235
0
3777
875
693
3794
745
784
1044
0
3728
0
811
828
887
0
0
0
1058
0
4153
0
4262
742
0
0
6867
6828
0
6746
3997
497
0
0
0
0
0
1078
0
598
0
0
0
0
0
0
904
0
1025
1023
851
0
0
736
0
757
487
3824
0
1155
1109
0
524
657
1047
0
9209
7074
0
0
0
0
0
0
924
835
0
4387
3850
4060
0
1174
0
3834
0
3668
0
609
742
6923
0
3666
558
4121
6425
1254
513
742
0
868
3930
0
0
0
6490
1251
0
733
0
1174
0
6782
4002
0
1044
902
693
0
0
0
1251
0
0
6403
0
0
1301
878
4085
1239
811
0
0
0
881
482
544
0
0
0
0
4042
6697
6808
8907
999
775
628
8990
0
0
637
1254
511
663
767
6455
7017
693
557
0
0
675
0
0
796
672
668
0
709
0
3792
652
0
0
675
1155
6442
3811
0
476
6606
8911
926
0
0
6759
4158
0
923
0
0
931
3930
6897
3635
0
628
0
467
9292
0
818
7116
955
0
0
561
0
0
1044
811
3676
1338
3980
753
677
0
0
0
677
3650
857
903
766
0
0
869
0
0
0
0
4327
0
904
774
971
1113
0
0
3930
4122
0
1044
1044
0
1044
3706
940
0
955
1228
862
658
884
675
3713
0
0
6998
675
6455
1055
530
8804
666
622
0
604
457
1056
8730
0
0
1020
1345
623
0
1231
0
0
3881
0
0
6998
0
6481
663
0
0
3997
876
3657
0
796
0
0
0
614
0
0
811
654
765
9009
883
709
4360
6416
1132
471
1174
1169
8968
0
659
0
745
4129
1221
857
0
1037
4125
6921
6999
0
742
0
9253
657
848
0
8931
1220
0
963
0
0
4113
1078
3826
994
604
0
3930
3879
0
0
573
467
0
0
0
475
609
0
0
3889
0
0
922
0
0
792
1275
742
776
0
0
824
0
0
0
675
3822
0
3980
8720
1091
1159
1316
0
0
1236
652
0
0
3706
0
6923
0
0
0
0
0
977
6407
0
1165
0
0
923
3671
1044
773
887
739
733
0
0
1328
0
802
0
0
931
4247
8688
4184
786
0
862
475
851
0
534
0
1018
1037
0
6521
835
0
0
3930
0
0
0
827
669
963
0
0
3777
709
1088
0
1132
3810
977
1088
875
784
0
6570
534
0
4285
1113
711
6484
6998
0
4217
3754
668
1254
1233
0
0
0
8948
869
0
887
0
1106
3930
0
7074
6746
623
0
678
517
6640
0
668
675
519
0
605
4449
481
692
0
6998
4435
0
869
669
0
531
960
0
544
727
0
1328
6998
664
0
0
0
0
739
1044
522
674
0
692
6416
0
6887
0
1301
0
0
0
566
3743
796
796
0
0
0
7074
1078
3668
869
0
3879
0
0
3701
0
497
0
0
975
8777
821
766
0
0
0
0
1341
0
517
4090
462
743
0
471
0
536
6998
8962
0
0
3742
0
0
0
3772
631
931
4368
1296
0
0
0
1275
0
0
0
3931
0
491
0
465
868
657
0
3987
750
0
524
481
0
0
566
3930
1232
6919
4172
6910
709
833
881
994
0
0
0
0
0
6542
0
459
0
3979
3777
560
6527
0
888
6468
0
0
467
0
813
0
1056
750
1047
881
0
3930
0
1051
1216
3940
8720
6425
0
8895
0
3777
471
3945
857
0
784
0
1044
1067
8955
540
0
0
677
806
0
1088
1165
1174
975
3949
0
0
4006
6823
0
0
4086
0
3806
4262
734
8955
1154
0
0
0
0
1117
457
513
0
4435
4103
3879
669
0
474
975
0
6786
524
750
6416
1254
0
482
675
0
0
0
858
6948
675
0
0
0
3829
4011
4063
1327
0
3929
1236
1082
675
6757
0
0
4060
0
3756
1254
0
643
814
0
0
674
0
3939
835
536
0
0
0
501
3777
0
0
1341
1067
3806
622
0
3850
6759
1025
4155
6999
947
486
0
0
0
0
0
0
651
0
7057
0
0
0
0
0
0
0
0
0
0
971
0
4042
0
0
0
3834
0
6640
678
0
0
0
675
954
4261
666
881
0
3739
3930
507
3826
9013
9294
524
6958
1159
984
1165
792
1221
835
3798
4235
835
3712
842
0
6511
743
0
0
0
0
1181
8724
0
524
835
0
0
9298
774
6425
6558
0
1213
4435
3668
0
544
3930
1009
1345
465
651
904
0
0
0
0
0
0
0
0
0
0
0
0
736
777
740
3996
1239
730
531
6746
0
0
9198
0
677
3694
644
886
0
699
0
0
3869
4086
750
0
507
467
0
0
0
0
1025
1016
4042
0
614
0
0
1254
0
0
0
1345
924
0
0
3631
792
952
8989
0
0
6606
835
0
0
0
537
638
8742
3834
0
566
0
750
0
0
704
0
694
0
0
1024
663
0
4089
0
497
0
4238
4322
923
1275
489
4037
1350
8720
670
0
960
750
780
4214
985
1145
1220
6979
952
994
3905
885
3775
9227
0
622
0
492
4342
0
0
955
7085
0
598
0
0
669
776
718
0
660
0
0
675
6515
6923
6793
887
0
6757
0
894
0
0
0
640
8742
0
3763
947
747
0
1239
1136
670
745
835
730
640
0
0
0
501
544
1174
9227
792
631
775
0
467
0
4238
8702
0
0
3964
1323
4342
609
8724
776
517
0
0
0
743
467
1113
0
0
0
0
0
0
6998
872
0
0
4071
0
952
4214
640
1023
971
1120
704
0
6538
960
1275
6635
0
0
0
746
0
6586
609
0
3850
4184
0
4258
0
0
0
4110
0
1280
8719
0
784
709
1029
1037
730
1251
0
497
9224
0
0
0
1223
0
0
1251
6558
0
502
0
1165
698
3657
1044
813
0
911
9267
0
0
8802
0
0
0
0
0
0
1136
0
0
1081
0
4334
811
0
9280
9292
1251
0
0
0
533
902
0
0
0
0
0
0
516
6558
1035
6606
4129
767
1023
9069
0
6693
0
1317
631
792
0
0
0
0
6570
0
0
678
8903
0
0
0
0
1341
0
0
0
1216
923
6582
613
3954
3930
3777
633
1319
605
467
0
0
0
0
1035
7085
0
0
955
931
0
6676
0
952
1257
6394
0
3739
3930
1165
637
0
924
657
0
861
6538
471
8984
0
0
841
570
8830
0
0
0
1147
4206
0
3744
6844
6449
3715
0
0
0
3932
0
9203
0
0
0
1131
1020
0
0
8744
0
483
0
0
3996
0
0
887
465
1025
697
1213
0
3792
0
0
1044
0
738
750
0
0
709
777
1037
740
0
0
0
0
0
0
0
838
7074
745
0
0
0
716
0
0
1090
669
3930
0
0
0
9147
0
975
7129
683
0
0
0
697
455
1165
3657
0
0
0
3779
714
776
806
0
0
3734
6442
1106
1136
0
678
0
9106
0
674
777
0
0
582
0
777
0
650
0
4214
0
945
709
1025
0
0
852
1088
7129
999
524
481
633
3930
0
1106
0
9113
0
968
693
3810
0
0
0
0
658
835
3929
0
4247
841
0
1099
1254
6577
0
645
3993
6427
0
497
0
811
6682
585
0
9203
3879
0
663
0
4421
6537
4259
0
669
0
0
869
4089
0
0
828
4119
719
0
0
0
719
0
743
0
1155
633
0
0
544
0
0
808
9134
886
808
0
0
675
8881
3754
0
4262
4025
677
1296
745
0
1035
0
0
0
0
6502
0
0
0
767
8865
709
3657
881
4122
8699
0
835
0
0
6999
1327
0
670
591
0
0
0
0
697
1148
8785
0
3930
675
466
0
1236
8752
513
784
1148
497
861
503
0
0
1173
6823
516
650
0
0
0
3949
0
875
6570
886
3767
3767
6920
977
0
4209
0
709
0
0
0
1130
572
6416
883
828
0
3966
503
0
4214
952
4059
675
1044
814
643
3855
0
644
0
626
775
0
1024
0
7128
9253
0
852
668
985
0
832
694
9056
4047
3701
6682
4000
0
0
674
0
0
911
0
3930
3806
666
0
719
0
0
598
770
4042
0
0
4220
1221
838
0
651
0
0
0
524
777
6746
851
0
0
1044
663
3746
0
482
916
1055
0
550
0
952
881
0
4153
747
1024
716
0
0
0
0
0
524
0
0
800
3834
911
3930
0
0
6395
0
742
1002
876
0
718
637
0
531
792
1067
747
0
3680
1328
3930
986
1293
858
0
0
0
0
709
0
536
787
0
467
0
0
0
0
1319
0
1345
0
1155
1188
7076
0
0
0
868
0
4006
8800
623
994
3997
4015
0
1063
872
0
8948
651
516
6503
0
1347
3929
1044
0
3832
1106
1044
614
463
4040
0
0
4108
0
9165
570
8804
0
513
0
750
0
6450
660
0
0
971
0
1223
0
4389
711
0
0
0
0
0
6746
513
465
3930
7085
4436
0
0
993
742
730
4159
743
0
784
0
469
720
0
0
0
668
0
838
0
3846
0
1293
862
955
3798
697
4259
792
469
1239
0
0
0
0
0
984
883
750
666
0
9267
844
6570
1147
0
0
6998
787
0
1223
6579
672
6606
0
0
0
0
0
1029
0
0
628
0
633
727
3777
3668
633
0
0
769
1128
4063
725
513
0
6748
955
0
3668
0
0
770
623
0
883
4235
0
872
0
0
6636
0
570
0
0
727
1132
0
1327
598
0
8931
8826
3647
586
1044
0
9113
0
0
861
0
6921
0
3668
913
0
7108
0
0
1078
9204
0
0
4040
4285
800
1132
0
7074
0
792
0
0
813
0
0
0
0
0
1131
0
902
985
3954
0
0
0
0
0
1044
4254
1131
467
6606
4153
0
1236
6457
523
0
977
9008
713
0
0
0
4121
0
6923
4297
578
1223
0
1044
0
839
738
1338
0
7074
697
0
0
3966
3881
0
903
0
0
0
0
0
0
1018
784
570
0
4340
6496
627
743
0
0
645
0
0
570
3964
872
637
767
0
497
1050
6442
0
1251
0
8895
0
6473
0
3792
7074
0
0
649
557
6606
4129
4254
0
0
0
3701
723
3779
4424
1254
0
0
511
0
0
666
7023
6425
652
6416
623
4021
0
8763
4435
1216
0
4387
6736
0
1255
0
743
4027
0
1341
0
1106
902
0
0
524
6910
1028
0
0
0
0
743
491
505
4332
7023
3792
0
0
714
4121
0
0
4129
0
3702
497
0
0
0
1159
894
0
0
0
0
0
0
457
758
0
1174
4161
8948
1293
0
4246
1136
4322
9108
1313
491
0
0
0
0
8914
0
0
628
6606
0
0
1317
0
0
0
1023
0
455
4259
796
0
6958
0
8732
0
678
645
9106
0
0
841
0
0
0
0
0
513
0
4297
1319
3997
1025
730
0
8865
784
9203
3742
0
8955
750
718
8984
8699
697
6577
0
0
3680
0
0
0
0
497
4129
955
524
513
1081
0
6782
1239
1174
851
3930
4129
0
0
972
0
0
888
0
0
9162
543
624
0
519
0
833
1058
0
0
1280
489
1181
0
466
0
1202
524
0
4121
0
7085
0
911
811
4006
1044
603
719
0
0
0
1037
984
750
640
7128
0
1254
0
1132
0
484
0
0
602
1055
0
1173
0
0
4220
0
650
659
697
0
924
3700
0
3721
1055
0
0
0
6443
0
0
0
561
792
0
1037
1188
657
878
0
0
0
4037
475
0
0
0
0
0
0
739
1037
8699
780
1016
0
591
3783
0
4110
623
0
0
697
4354
8861
0
3844
0
718
4297
0
7074
677
0
0
482
0
8694
471
513
0
0
524
657
0
0
3806
0
1347
0
6782
0
0
0
0
0
7064
1197
0
0
827
1255
540
750
0
837
0
524
0
0
3964
4235
589
0
0
1254
0
774
6481
750
0
0
881
0
1316
0
0
0
0
4015
9203
0
0
0
6867
0
0
4353
0
0
9053
1174
1328
0
7074
777
0
0
743
0
0
0
598
3996
1303
3720
1016
0
7074
818
0
1044
8955
0
0
557
563
0
0
0
4424
3949
3767
460
3644
6606
3987
481
0
0
792
813
0
784
0
745
0
0
9203
0
3976
775
1117
456
3987
0
467
0
3930
666
531
693
0
0
0
780
780
0
0
627
957
0
675
0
1341
6998
3713
0
0
830
852
0
3655
0
1232
0
758
4236
0
0
959
780
1132
0
1044
0
1337
1337
714
3792
4235
6759
3687
0
0
0
663
1130
0
0
633
0
570
3731
3881
1159
881
0
0
3644
502
6465
0
659
1044
524
0
4063
609
931
1067
1029
1091
585
3777
3674
0
750
806
0
0
832
3930
739
6998
505
0
474
4153
7074
0
958
0
924
678
7023
830
475
854
0
9165
924
0
0
999
9203
467
9134
1255
507
0
0
657
531
7064
9134
0
0
0
848
0
4060
0
507
507
885
507
3674
711
0
0
0
460
1056
659
0
0
6403
0
6636
813
0
0
0
0
0
1044
0
4158
3930
4206
666
0
0
0
3997
3798
0
3777
6861
4103
0
0
1047
792
4129
6965
8911
774
0
6799
0
6757
3633
8955
4258
743
8762
3680
6570
900
837
474
0
0
0
0
813
9294
1341
674
524
3953
0
709
0
3930
0
6958
904
0
0
758
999
1255
0
0
977
4335
0
3639
0
709
503
0
664
3979
650
4090
513
6756
0
0
916
0
3697
622
666
3930
3996
0
0
0
0
0
742
1044
924
3881
660
614
3874
623
0
0
699
9293
0
4235
0
670
6998
0
0
0
6793
9108
9227
0
585
0
0
8744
0
0
792
0
4214
531
985
3777
0
6999
0
766
0
0
9106
0
0
0
875
888
0
0
1131
0
9253
0
0
0
0
4042
0
835
4214
0
0
8955
6496
886
1044
1132
0
0
0
0
784
0
911
0
0
1341
6425
0
6606
1044
0
4130
0
0
609
8838
0
604
1255
8931
531
666
0
1350
976
0
0
0
0
9146
4000
1078
0
6496
881
0
0
747
0
497
601
3931
0
0
1044
773
1329
1262
3964
619
766
0
683
0
0
0
0
623
8955
0
0
0
6999
775
4129
8994
4322
0
497
9294
0
649
0
1350
0
0
0
0
1255
516
0
1023
770
471
854
0
957
0
0
0
6490
1112
0
808
0
623
0
0
0
0
1063
766
3754
4316
0
0
0
0
0
1228
0
827
0
0
1044
0
0
0
1345
0
654
1275
0
0
1313
4235
669
6606
0
3798
0
0
0
6892
1341
669
678
1159
0
697
0
8804
0
674
0
835
1067
0
8838
3954
0
0
0
784
0
3798
477
784
0
1327
3930
0
886
3832
750
0
6958
0
681
0
868
0
0
524
0
0
511
977
4258
0
736
0
0
0
507
0
6910
758
4114
0
3670
4122
666
1159
0
0
3879
835
4098
0
0
573
7091
0
0
0
916
1075
609
3905
596
3811
0
986
758
0
0
7085
883
796
7020
4015
1082
0
0
6919
0
1180
884
1120
0
678
482
4103
6757
0
1155
0
0
0
0
515
709
0
0
7074
0
0
869
743
0
8826
0
758
0
0
6999
0
3777
0
0
1060
536
4435
0
986
0
792
1131
835
821
739
7074
0
8881
0
531
3722
540
657
0
0
0
0
0
0
0
4336
8865
4078
903
0
4110
0
674
718
777
627
0
0
0
699
0
694
0
4206
784
0
8699
8922
4335
6859
8785
0
887
1231
677
0
0
0
0
835
900
471
4098
0
0
0
0
857
0
0
623
4341
0
6958
9069
3777
0
881
903
837
0
1254
931
861
9294
7074
711
8914
0
835
6923
0
476
3710
3732
0
694
0
693
497
0
3754
455
0
841
467
0
8725
623
0
692
1316
0
557
0
0
800
0
945
672
0
1106
863
0
3811
0
6425
0
0
696
0
1025
0
0
7074
0
9224
835
858
9253
767
786
3671
0
0
0
4327
0
0
9224
0
467
531
0
614
0
9253
475
516
1293
0
538
1155
3680
0
835
0
1345
4063
813
650
0
3820
0
3767
6425
839
8912
6998
0
750
0
467
1132
742
0
1067
4238
566
1262
0
0
623
0
957
0
6577
888
1303
0
1063
0
0
7074
0
8694
0
0
727
524
1337
4158
0
613
8895
0
0
0
0
0
0
0
888
0
675
660
6496
7119
1345
0
6782
6769
0
9108
8761
3881
0
4063
455
4342
0
513
677
777
6570
3806
497
609
0
0
3806
0
1254
0
0
675
4354
1163
0
0
0
6999
1113
813
4011
0
1078
657
657
0
0
8800
0
0
8699
0
0
3726
623
0
6570
0
1271
0
0
6682
3930
0
903
0
0
0
0
0
0
0
0
0
623
1216
0
1239
0
0
0
999
709
626
828
1128
489
585
513
960
0
0
0
0
0
604
872
1201
557
814
1075
517
862
660
0
654
3756
0
1044
0
0
1251
3680
650
8948
578
9289
0
4252
0
0
0
1301
8800
875
0
6425
800
739
7074
667
663
777
0
640
0
0
0
1237
1113
841
8720
628
1313
1132
544
3949
0
3777
0
0
1299
0
0
1275
4158
742
0
3633
1078
482
602
0
7064
0
3979
623
3777
0
0
0
0
524
0
1025
544
0
784
7098
902
0
1341
670
0
664
0
4249
885
0
1018
1025
0
4436
1044
0
0
0
648
3930
0
1255
0
3664
959
957
609
0
4258
534
0
745
0
0
719
0
709
868
6440
1051
0
671
9013
3846
0
3930
0
3928
807
628
1058
902
546
0
0
1254
883
3746
3929
972
0
460
628
736
486
309
3779
480
8720
0
1197
1254
657
742
523
6972
808
3826
0
6999
623
0
3777
0
1037
0
0
0
742
672
0
657
4155
502
0
0
465
0
0
672
0
0
0
0
3668
0
6636
6673
471
0
0
0
8699
460
0
1109
0
784
4153
0
0
835
0
6757
903
872
692
692
692
692
0
0
1254
722
841
0
9013
3905
3680
0
745
4235
0
7091
977
4125
1255
0
0
0
0
6475
0
497
4176
0
3966
3697
862
0
0
9146
3777
0
0
0
3930
0
1078
0
971
683
0
784
736
657
4354
0
0
0
0
0
3881
743
4220
886
750
1090
3993
4129
1058
0
0
4421
6412
0
672
0
0
0
3930
0
0
3777
476
4089
1025
1216
650
644
0
1254
0
1173
800
0
0
6843
0
0
3892
755
0
838
0
0
0
902
0
0
595
698
6416
3890
0
0
524
828
0
0
7156
0
480
0
770
1301
869
4176
0
6739
1236
0
0
0
1338
3645
0
0
1316
0
0
3789
1148
872
0
0
1044
7074
862
8689
0
924
1044
0
0
881
4206
3792
614
678
3806
4352
4320
881
0
0
482
4421
0
6499
659
0
478
9106
0
0
524
1088
8800
4322
6859
0
1275
519
6442
0
0
6606
0
0
1221
0
0
3930
1044
0
814
6406
703
0
0
9299
0
0
1148
0
692
0
0
1024
0
770
609
0
734
0
0
811
0
1174
0
0
0
861
3798
894
7091
6521
1067
0
1228
776
6676
0
916
837
6589
0
0
1148
482
6589
0
1275
955
0
0
8955
1025
1131
0
775
4316
887
0
838
585
832
0
0
696
0
644
709
0
1173
511
609
0
658
7005
6640
644
0
4006
0
3777
7074
6757
8724
650
0
0
9294
6860
775
1025
0
3996
0
643
0
0
3705
3683
0
649
1128
3777
0
1067
0
945
6606
467
0
0
0
4342
524
7129
7129
4110
1341
0
904
0
886
0
0
0
733
0
0
6861
8727
6796
3647
544
0
0
483
3700
524
0
765
6419
6426
4247
1044
657
4360
664
0
0
0
746
1239
4155
0
1113
745
0
6455
0
0
0
0
3806
0
519
0
0
0
3698
0
1165
558
0
1055
0
603
4089
522
537
664
6640
1172
0
3820
0
675
6499
511
471
0
4327
484
0
0
0
9253
489
1188
0
3647
875
0
539
0
0
0
0
0
472
740
0
0
6421
0
0
0
0
0
0
8990
519
750
3656
8965
1025
0
0
3924
6394
1255
3930
0
813
654
0
8955
800
730
709
6859
753
1163
841
4214
0
4025
513
6606
0
0
3777
730
0
6570
0
792
0
0
0
0
1293
0
876
4062
6558
4409
650
0
3668
1044
3930
0
0
955
0
0
0
663
1347
0
3942
1023
1345
6677
0
0
601
0
0
677
0
0
6861
1255
1018
1029
0
3834
0
3746
670
711
9043
649
955
650
0
0
784
3889
0
8702
0
0
902
1318
497
550
0
0
863
0
668
1303
674
657
6447
0
0
4129
0
0
0
0
3676
6958
0
9204
3730
697
498
0
6484
670
3939
0
555
848
480
8804
0
3929
4296
0
463
3668
8804
460
1251
9147
0
497
675
7057
0
0
0
0
0
862
0
681
519
952
6912
513
560
550
813
0
675
0
0
4071
7023
8805
8955
0
0
4258
971
3798
534
4089
720
0
0
1112
670
792
563
903
0
643
0
570
681
739
3743
0
3775
1117
0
524
4360
0
4409
904
904
8838
0
6844
0
1318
1301
0
8698
3722
0
1126
6746
0
0
0
0
952
668
4316
8895
747
6403
9253
931
9204
4027
0
0
0
4155
3881
3842
1347
0
0
0
0
0
0
0
0
1318
3923
709
6812
0
0
683
0
718
0
3905
0
923
0
6475
0
513
538
0
7074
3713
3993
6606
0
9198
531
0
3826
835
4011
1044
4246
6999
524
3798
0
672
0
0
476
0
0
3668
651
4062
4235
841
714
0
0
0
8955
0
0
911
703
827
659
0
0
622
1128
0
816
904
0
960
6682
570
513
6998
3929
0
7064
566
519
999
534
0
1037
609
0
911
670
750
0
0
0
497
0
0
875
471
657
0
742
0
671
8728
0
0
0
0
0
3834
1023
750
515
4047
792
0
1202
670
0
0
0
860
0
8772
0
1236
1044
6606
0
1058
0
0
9219
6782
0
0
0
0
0
0
9289
0
0
537
0
651
6844
875
666
0
0
0
738
1127
578
1166
0
1067
671
0
0
835
0
1345
0
0
0
767
718
0
531
4068
657
534
6996
6412
776
3810
0
3908
868
1047
904
6757
0
666
4129
0
0
0
1341
740
475
0
0
0
0
1025
0
0
3650
6999
0
999
6406
904
776
0
1016
672
869
0
872
1303
6436
0
6844
0
6468
3874
3874
0
4374
0
6586
805
1333
1154
0
0
0
466
0
1216
3834
609
4389
0
4238
499
8968
747
0
3811
7108
6757
0
4238
0
835
0
0
482
0
622
6606
0
977
7108
838
886
1154
566
4096
0
0
513
3549
0
767
3930
723
767
495
459
0
0
6999
6467
0
7108
0
0
524
0
652
0
0
668
0
0
513
0
0
4011
1337
4409
534
960
0
8694
0
6606
671
854
0
3773
3949
1251
1254
6459
0
0
664
6757
0
0
638
0
0
0
852
6923
4217
1180
664
0
0
0
0
1047
0
0
0
568
1120
650
0
0
0
0
0
0
0
8865
848
3869
0
3980
0
3862
0
0
6793
0
0
3806
699
0
0
9289
0
862
0
813
713
881
0
0
0
693
637
1341
627
703
911
0
0
0
0
0
8865
0
657
1128
3881
1223
505
3677
767
0
4153
0
775
657
6999
0
758
885
537
0
6673
4110
0
3806
497
0
0
0
0
904
0
3656
959
960
650
4011
3777
0
0
482
9303
0
694
550
0
0
0
0
6606
0
6514
0
0
0
0
6793
0
3731
0
0
0
980
0
0
0
0
0
0
0
6406
0
774
0
0
0
0
6652
4421
6536
1347
0
0
0
0
4121
3874
1044
720
0
0
0
0
9289
0
678
0
672
0
3702
0
1067
0
470
534
0
955
0
0
3993
1174
4086
4220
497
0
677
835
544
3656
4220
6897
0
609
0
1329
0
4220
474
524
1237
8883
4098
674
4335
971
0
960
1327
916
0
6577
3993
0
924
6419
0
677
681
677
0
0
6958
1228
3862
0
852
743
4000
0
1131
3834
0
4341
603
0
4375
506
0
0
578
0
0
0
0
4059
9253
784
486
714
731
1318
787
6416
857
0
0
1239
0
0
6540
3680
747
1233
1180
540
8802
674
6442
0
1037
0
463
3779
0
1319
682
0
0
0
1020
3928
904
814
0
711
0
3824
1123
6796
985
758
0
4098
848
704
0
0
0
0
682
0
0
0
1132
0
723
0
0
709
1147
709
0
709
3644
0
9198
6868
6635
0
0
709
884
746
7029
747
1112
0
0
524
3929
8912
6520
886
870
878
475
742
0
1239
0
484
544
0
677
6606
0
6402
9204
697
0
0
0
745
0
0
1280
3773
8694
643
8698
0
4421
0
6806
0
0
0
0
3884
1351
0
4079
3821
0
0
0
9401
0
4108
0
1403
3802
1206
0
0
0
8937
0
9377
4223
983
726
0
4248
0
6848
4525
3821
880
9231
7099
4223
0
8834
728
4462
0
1304
1353
0
3977
0
0
1185
754
695
0
0
0
0
0
0
9124
3821
0
6703
7205
761
1066
7123
0
0
1186
1072
809
7143
1420
0
1207
0
1348
0
0
0
0
744
3793
1277
856
1196
0
978
0
0
1436
0
4179
4256
762
0
0
1061
701
4223
8780
856
764
4357
3790
0
0
712
0
0
737
0
0
0
0
0
1451
3884
0
1042
0
0
4194
898
1085
4111
0
7208
0
0
0
0
4210
896
779
874
3950
0
915
748
0
6796
0
0
899
1430
7183
0
0
1192
0
0
990
0
865
4396
6837
907
0
689
4413
0
0
6907
0
0
661
0
1185
735
0
9349
9022
909
3916
1348
0
1269
1229
1054
1150
4552
0
807
3947
0
1153
7007
0
9206
1027
0
9135
0
3918
0
0
0
741
1269
1017
1217
0
0
856
0
983
748
9220
0
3918
6713
823
0
1027
0
1304
7093
4510
1061
0
918
4492
1387
1387
0
1397
0
0
9016
0
0
0
4369
661
3856
4552
4382
4178
0
0
4488
748
634
915
639
4413
0
7127
702
0
0
807
4413
634
4023
788
726
7071
1437
912
3903
3790
0
3856
0
0
0
6572
834
0
0
3844
912
0
762
961
0
3927
1185
3825
0
1061
0
1185
1375
9326
706
0
0
0
0
0
0
756
0
4083
4034
9386
1196
0
0
0
0
779
4149
0
789
0
1061
0
661
1085
880
1027
0
0
4444
1241
0
3803
4008
1458
0
0
7071
0
1393
785
3815
6735
0
1436
0
710
0
0
1451
909
4057
909
0
0
779
0
1407
1394
4413
0
0
9377
0
788
8898
0
0
804
1388
859
0
0
726
906
0
1351
4288
756
4013
3971
3947
689
685
843
0
3904
0
7186
6763
0
7219
0
0
0
0
0
0
0
4210
4194
0
1326
0
0
3903
0
915
899
0
0
0
0
687
0
4046
0
712
1114
7071
1326
0
4223
4514
0
912
1160
0
0
0
1107
9220
0
762
4210
1365
737
0
983
0
0
4357
0
788
0
4488
710
686
0
0
0
1178
823
0
735
0
0
1193
6552
764
907
0
0
0
0
0
909
0
1010
6735
3919
3814
1121
823
779
0
0
0
1420
0
789
6839
1076
0
0
6649
0
8793
0
0
991
0
726
0
0
0
0
695
1406
4149
1192
0
1420
1038
0
4318
0
0
3821
908
880
843
0
0
4198
3904
0
4010
4510
9379
0
4136
0
939
1196
1324
807
0
1326
744
0
4284
689
0
0
0
8942
0
807
0
1450
843
879
893
0
1030
4022
0
9378
6787
901
4124
3839
662
0
7001
4066
939
4029
4500
756
843
0
728
1387
741
0
9386
0
1407
7240
4199
917
1027
1196
3868
0
785
8834
0
788
7001
4552
1441
0
939
1372
1351
0
6594
4318
1240
908
9346
0
0
0
1085
0
1137
0
0
695
7071
0
0
0
691
0
781
6908
1010
0
1437
1353
0
1206
3971
0
807
3848
879
4231
785
9400
707
686
0
0
676
0
0
0
0
0
4462
3973
907
0
710
661
3947
1253
4231
7026
0
6708
1334
4223
1176
0
0
7243
1080
0
3793
0
0
0
744
0
3791
831
3802
1326
0
0
0
0
1248
3986
0
771
1351
6672
748
4095
0
4022
1086
0
7093
748
909
0
0
927
1087
3904
779
0
4022
8846
712
9238
0
0
0
7175
1461
722
722
3863
0
0
0
1295
0
1451
0
0
0
912
6857
6787
0
695
1382
0
662
639
728
6703
1326
3830
4417
823
4275
909
6648
636
0
0
0
0
1353
0
1408
764
0
0
997
0
1387
834
4173
983
807
656
0
9022
0
0
0
1404
1196
0
856
0
3971
0
0
0
0
0
3861
880
1450
0
0
1170
0
1353
0
662
834
785
4552
0
6796
7236
0
0
662
0
3793
1196
0
4223
706
7174
0
834
7044
0
686
978
9124
0
662
0
880
0
1085
655
908
0
0
0
912
0
6584
0
9220
1348
4256
0
7159
1107
0
0
0
4223
744
7007
899
785
749
843
0
1208
0
7196
0
7219
0
1198
8942
0
0
0
4393
0
0
1437
0
4223
3793
0
0
856
0
1027
1093
0
843
3854
0
0
9341
939
6848
1359
1352
1392
7007
726
661
0
0
0
1114
1204
3916
9362
0
850
0
0
843
0
4001
4369
0
0
4382
1406
756
0
7007
0
744
0
9349
1140
7071
656
0
0
0
779
3916
6857
1010
3821
0
1326
4199
893
1196
791
0
706
0
0
0
0
798
1367
7193
690
0
4286
0
687
1190
6879
1053
4207
0
6725
655
3821
0
9022
0
6831
0
737
9378
0
0
0
1027
1190
0
880
0
6848
8802
4502
6588
3986
880
0
0
0
0
0
0
0
9220
893
834
1196
712
0
807
0
0
4198
756
1107
656
983
3927
0
807
0
1178
639
6717
4022
0
0
0
6854
3813
0
0
0
893
0
0
912
909
908
865
0
4318
0
707
1054
0
0
0
0
1389
4061
0
0
0
0
0
0
1072
0
9324
4210
4516
0
9022
4231
785
4500
1027
807
6649
1121
0
0
793
1282
0
4029
834
3983
0
1397
3840
0
898
0
1326
687
1361
0
7236
0
4524
927
1041
0
6725
1269
6552
3861
1102
1207
0
0
831
1176
3859
779
6858
0
0
1079
6839
0
1027
0
0
1066
1196
4521
1107
0
0
4417
0
687
0
691
726
1190
4555
917
4413
0
0
0
1207
1326
3818
9092
0
0
686
0
0
0
3986
0
741
7001
0
0
0
9337
1384
920
0
0
0
0
843
6857
1365
4231
661
0
3977
741
0
0
7026
3839
0
4476
0
744
1169
0
4242
0
1038
0
0
0
0
0
4022
0
843
0
3827
715
0
3946
7071
3876
0
4057
0
1107
1253
0
909
0
853
0
3926
1361
0
0
1396
1207
899
0
1041
1353
1368
9060
4473
899
3999
0
0
0
7196
7001
0
0
4203
0
0
1352
4541
0
0
0
0
1196
820
4479
4231
1169
0
0
1019
3912
1208
0
0
3861
4120
1351
0
0
0
1176
1169
0
1143
1027
0
9220
4022
4444
1072
7001
7001
1405
0
0
0
8983
1196
0
0
1196
0
908
0
7071
0
0
0
6566
1361
9335
728
3793
0
735
983
0
0
3868
4286
687
0
855
0
1324
1107
0
0
0
3820
927
1085
0
0
0
0
0
707
735
1107
0
726
0
0
662
6717
0
7219
0
0
0
0
1038
0
764
0
0
0
1420
684
0
912
0
1041
1041
880
0
0
3814
9022
661
661
0
0
0
7173
798
4256
0
6552
1059
0
726
1321
0
4413
1093
728
909
726
850
0
1361
1208
1326
0
1285
0
0
0
3804
0
4231
0
1335
0
0
785
4149
707
1010
0
0
0
815
3844
1102
919
4079
0
1027
0
680
0
3821
655
4476
8941
0
0
0
0
3999
0
0
6839
0
0
0
0
856
0
3919
7093
4516
807
4001
817
7001
0
0
9220
0
1149
1388
0
4210
820
0
0
0
1326
0
0
779
706
1049
1114
7001
0
0
4231
1217
9318
4547
0
0
4502
939
978
0
4355
0
0
3821
0
1114
0
779
3947
0
0
834
3793
927
1196
0
712
3815
6572
0
6814
3884
3839
4552
0
764
807
0
1326
6728
4223
843
680
6854
799
989
741
0
0
741
1084
956
0
8793
0
756
754
3793
8793
0
3839
0
0
0
0
0
1076
764
915
3999
1405
815
0
0
912
3861
3919
8793
0
0
0
0
3814
0
1080
7177
761
0
0
0
7071
9092
0
744
0
0
0
788
0
0
856
3999
1326
9022
798
1274
690
909
0
756
1445
0
7003
0
8860
0
4016
3919
9326
0
910
3863
3839
0
4318
1321
0
0
0
0
882
0
0
0
0
1053
7044
0
639
782
715
0
0
7093
0
0
9341
1185
695
0
9381
908
0
0
4019
0
8942
6708
1027
1170
1352
771
0
4301
0
807
0
3839
0
0
0
7043
656
1176
1107
3916
0
7093
6906
6745
3830
0
0
899
908
0
1436
3814
0
843
0
0
0
1207
0
1392
0
0
4199
0
0
3827
788
7001
0
0
0
1307
855
0
0
764
0
4223
0
0
0
690
0
0
1107
991
0
1086
689
4001
1196
807
0
7223
0
0
0
4333
0
9326
0
0
0
4179
7162
0
4210
0
7243
4522
917
0
0
0
1278
0
936
1326
0
0
1193
1436
1027
0
912
0
0
1041
6672
4088
0
0
0
4504
1017
0
701
915
0
0
0
6648
1096
748
9346
0
9124
3884
691
0
0
1407
1290
4413
0
676
810
0
0
756
744
0
4444
983
0
0
788
6821
0
920
4203
0
909
917
0
1191
3986
1269
0
0
0
0
0
9022
4022
856
0
1107
3813
0
0
0
0
0
9205
4216
1307
3816
715
944
4502
6825
0
4046
0
0
6764
4256
781
712
6694
1170
0
798
0
1274
741
636
3971
0
3999
676
9377
3813
7001
807
764
909
0
1278
0
0
0
0
0
0
880
0
0
6966
4521
0
0
856
0
4224
4500
0
880
4301
1353
0
1405
0
0
4116
1219
1185
0
3793
3793
0
1393
907
0
843
899
763
907
6866
882
1200
9335
0
0
1373
0
0
701
882
0
0
1353
0
939
781
0
0
0
6621
3898
1054
1351
6764
0
1326
1294
1304
9335
0
817
3909
0
4479
0
7062
3814
0
1196
0
1234
0
4095
781
4216
3909
0
0
850
710
0
0
834
0
4417
0
1348
0
0
0
0
0
0
1426
1041
856
912
1107
843
0
691
0
0
8836
4210
0
3820
0
1352
3947
1439
1321
0
9388
737
0
0
908
0
0
4441
0
0
1185
914
0
3827
0
0
710
6866
6594
4223
756
856
4490
7114
880
0
1348
0
1030
6566
4242
1185
0
1093
912
0
0
1093
1397
1285
1190
0
781
9060
0
0
0
9377
0
0
0
4223
8802
1217
690
749
0
0
781
6718
695
989
0
7026
656
0
0
0
0
880
0
781
1072
0
0
880
793
1053
817
1351
6825
0
9386
1355
4282
0
0
1027
0
4396
4441
7071
3815
1192
695
3912
3876
0
880
834
1149
0
0
1102
7044
0
0
0
843
0
918
0
4231
0
712
936
0
0
0
706
4404
1114
0
0
0
0
754
856
1229
0
754
0
0
4088
3919
1224
0
843
1397
0
0
1190
4471
0
0
912
0
0
6735
4403
0
6806
1379
0
0
1176
0
0
1196
0
779
991
1030
1061
1253
0
4464
0
0
0
4462
0
1326
0
712
1326
9093
0
0
0
763
0
4479
0
0
0
0
0
0
0
1433
3814
0
0
0
1219
0
880
1304
0
1041
0
0
744
0
4022
1253
0
676
1294
4056
0
0
932
0
1353
9166
0
6840
4369
4010
9341
855
1087
782
636
4382
762
0
0
0
0
1361
1153
6708
4323
0
3918
0
0
687
9220
1360
0
0
0
0
726
4256
1010
1405
0
7181
3904
695
1066
809
893
1076
0
1449
0
7001
0
0
781
1430
0
0
0
0
9220
0
0
880
7093
0
0
3839
899
0
0
0
8853
0
0
0
9371
1153
788
855
0
0
0
6854
0
0
1397
0
686
8834
1427
939
0
4318
1114
849
936
0
1426
3884
8898
0
0
1326
676
0
7219
4553
1405
807
9343
735
0
0
726
1169
0
0
3813
0
4088
6725
6879
3793
0
1019
0
0
918
6648
785
9335
1427
1305
0
1420
893
0
0
0
886
807
687
0
7003
1447
0
0
689
0
815
1455
4396
0
1396
843
6594
0
4207
0
3821
4178
0
0
662
6908
781
6594
0
9220
4223
0
1038
0
0
0
1405
856
0
0
0
0
0
0
3813
0
0
3965
0
856
1107
7071
1196
909
906
761
0
0
0
6728
8834
1360
781
0
0
3861
756
0
7043
7175
3926
0
0
983
0
0
834
3856
3825
6717
3839
0
4396
779
0
744
939
1102
7044
0
0
0
0
3904
0
0
0
7001
1249
749
0
3861
0
1160
6601
4111
0
0
3793
0
0
0
0
9367
4231
779
0
997
0
0
0
0
834
6857
7071
0
0
781
1296
1190
4120
779
1027
0
0
0
3868
0
0
1200
3793
0
0
0
0
856
0
7001
3884
0
7219
0
3986
0
4194
0
0
0
3793
1008
0
1054
0
1207
0
0
1054
772
1027
3821
920
0
0
8941
0
856
0
0
9022
7071
4552
0
9205
0
0
0
0
0
3825
4088
0
1447
785
1351
1053
8793
8976
3884
912
0
0
0
6657
807
7190
1373
4210
771
0
0
4022
3919
0
0
0
1153
0
0
0
0
991
1019
0
0
1196
0
0
4525
4224
1041
1208
4382
0
0
1407
689
661
0
0
0
3986
856
3986
6712
7071
1076
0
0
0
715
0
9369
8935
0
779
1253
0
0
0
0
4417
896
779
0
809
1447
0
761
0
1353
3856
0
899
882
1387
691
1207
0
895
1085
7001
0
0
0
1214
1076
927
726
0
0
0
0
726
0
3839
1186
0
909
912
3918
0
0
0
912
0
1417
691
6601
920
737
761
737
9377
0
0
0
4231
0
726
1076
893
0
4318
6717
4275
899
1196
1030
0
0
0
676
781
1387
7026
1107
4231
0
1368
0
0
0
1027
0
0
886
7007
717
0
0
0
0
695
0
0
3818
7184
687
3916
817
0
991
7071
0
0
0
1190
1387
0
0
0
0
0
0
0
1178
1178
8793
9220
7071
912
1359
0
1196
9326
744
0
4552
6621
0
1114
9231
1207
0
1195
6728
0
1076
0
0
0
1149
0
4407
0
7170
0
0
0
936
4444
636
909
1352
0
1305
656
1192
7240
4210
1285
3859
0
0
807
8935
662
4057
912
0
7227
761
834
0
0
0
855
0
0
4223
899
6847
0
1305
0
4001
0
0
6735
1185
899
0
0
1061
1191
1359
0
1326
0
0
1326
9341
4194
0
0
762
0
0
0
4057
0
763
807
4022
8802
1114
0
748
0
989
744
0
7007
0
0
0
0
1176
1196
0
1397
0
899
0
7181
1207
9386
8834
1107
0
3916
7001
0
687
0
0
0
0
9323
781
0
0
0
0
0
0
4231
0
0
0
1185
0
0
0
0
779
726
0
0
0
789
0
907
0
661
0
793
7175
0
0
3814
1264
1200
0
3839
0
0
9346
4541
4500
0
4016
1368
0
0
4029
0
1196
0
0
0
676
7130
0
1100
1107
909
0
1387
8834
0
0
9386
0
1451
4001
3793
4471
879
0
1379
807
0
749
0
0
0
899
0
726
4223
662
9326
0
1351
4057
1017
1019
0
3793
3793
908
6621
785
0
4242
0
1076
0
3815
4444
0
0
912
756
0
896
764
0
0
4286
3814
0
0
956
7044
939
4183
4484
0
7071
0
779
0
1191
0
1195
9092
641
0
4396
856
662
0
686
3972
656
0
803
712
0
4194
9388
1027
4116
896
6817
0
1420
0
4111
701
856
4194
817
741
1196
843
912
0
9380
954
0
4500
0
0
3926
0
0
761
686
3793
4022
9377
4013
3839
0
3863
0
0
3884
728
817
1384
909
948
1362
1027
8941
0
0
1413
4210
0
1107
0
0
744
9231
0
0
956
0
1207
1207
6879
6708
4369
865
0
917
0
4231
0
1107
880
4079
0
0
0
4198
3814
7174
0
0
4231
1196
0
0
0
1451
761
0
0
4010
4022
817
0
0
0
936
8985
1185
7026
1054
0
1185
1390
687
4173
1185
1277
4444
899
1196
909
4542
4542
0
1304
0
3972
712
0
0
4022
0
4223
728
899
0
0
6717
0
0
0
3790
4523
4016
749
0
0
4333
0
1176
0
0
1153
726
0
0
0
0
0
0
0
0
1010
0
0
1433
1462
6763
0
4403
0
4464
0
7071
0
0
0
1445
715
0
0
695
6725
0
0
656
0
706
1096
0
3977
3868
0
4034
6969
1283
655
9320
7026
0
1242
0
0
0
1085
0
4111
0
7071
0
7026
4479
0
0
0
3814
4046
0
4046
3831
981
6825
4207
9388
6969
7044
0
0
855
0
4286
0
9220
0
0
0
0
0
0
7208
0
1366
0
4479
1054
0
0
6966
1274
4417
0
983
4054
0
0
0
0
4515
4001
4231
893
0
721
4223
4120
0
0
0
0
1373
847
0
0
0
0
0
3868
7167
0
687
0
4417
7053
0
0
9022
0
1194
9398
0
3814
4022
8937
0
0
6825
0
0
8793
1153
3973
4507
0
0
701
0
0
1351
3793
9349
735
3898
4231
0
0
1321
749
3882
1392
4022
7026
756
0
1207
0
0
0
4382
695
0
0
7071
779
3818
0
4521
788
1185
0
4473
0
856
798
0
0
1399
0
3818
1192
0
6840
676
1185
1253
1406
6831
4516
3972
0
3857
661
991
4524
3963
3797
0
661
0
0
0
8985
1305
3918
798
4111
0
0
915
0
1404
0
7227
772
771
3827
7205
1176
0
0
3857
0
754
0
0
1170
0
0
7159
4124
6649
0
1361
1395
749
9326
1010
0
1404
0
0
0
950
4223
855
9031
880
6649
0
1436
0
1420
0
0
763
735
6839
908
0
0
4495
0
0
6821
956
920
907
1170
0
0
4568
0
4034
1176
0
0
0
0
3884
3825
0
0
0
0
0
788
712
1352
6912
0
0
0
3934
0
8860
4369
7191
0
1264
710
3971
7044
710
7001
3937
9092
7026
0
4476
6907
0
676
0
0
722
6908
779
689
7208
3813
7071
1326
920
4523
0
788
1076
0
685
0
1061
886
0
4210
0
3793
0
7001
7026
686
1396
798
0
0
0
3912
6703
1428
0
0
1440
1030
788
1379
1143
0
0
748
0
1294
0
0
1425
865
0
0
0
946
763
1027
899
0
6839
0
0
3839
0
0
7001
0
0
3820
1380
0
0
855
0
908
1195
1427
695
1185
0
0
0
1451
1360
995
917
0
0
761
0
1041
695
6725
895
895
3868
4333
6703
4563
744
7127
1253
741
1196
8942
0
807
3884
0
0
3839
0
0
6637
0
0
4034
0
0
0
0
4404
4333
1253
912
0
0
0
0
7127
1198
1382
6781
0
0
0
3884
0
9092
0
0
0
9377
4529
4061
1372
920
0
781
9035
0
1030
3972
695
817
0
6703
0
636
4552
1326
3902
7127
680
1054
3884
0
4100
0
0
0
1264
3814
790
3971
0
6696
7093
0
0
909
991
0
4333
1059
9330
0
9060
0
978
807
0
0
749
9320
0
0
8793
3821
4044
0
882
0
3904
0
4124
4494
1290
3946
0
779
779
831
0
0
4231
9220
1008
653
0
6851
0
0
856
849
0
1207
1068
4484
0
0
3795
917
0
822
0
0
0
687
1027
0
1080
4261
0
0
4369
0
0
1191
1080
0
910
4111
1177
850
933
0
0
6814
9022
834
3856
1437
850
850
0
0
0
691
4396
1153
1394
1425
1382
0
1356
1053
0
0
0
0
4010
939
831
1412
856
880
0
0
0
3830
4057
0
0
0
6649
1093
0
0
4194
0
7001
789
0
0
0
0
0
0
0
0
0
0
939
823
0
4223
785
9377
781
0
0
741
0
0
741
0
0
1307
9091
4231
6657
0
0
936
0
6764
0
1435
6796
910
910
910
0
632
1269
4382
0
997
0
0
1153
1153
1206
0
1253
662
0
0
0
3884
4490
0
9319
1061
0
9326
0
0
636
0
0
0
4462
4417
0
0
0
0
0
0
1321
1326
9347
831
0
0
9396
3821
8893
4471
1450
744
817
785
3927
0
4516
856
756
744
0
855
9123
9220
7100
0
0
3818
4099
728
1196
9220
0
4203
7243
1445
3884
9347
3793
909
0
4552
0
0
0
0
0
0
0
0
927
3861
9361
843
0
656
0
7181
1400
0
0
0
3790
998
7208
721
0
978
0
0
855
4545
6904
3909
0
0
1656
1486
1611
1477
1769
1496
4690
1656
0
1505
1622
0
1730
1714
1555
0
1654
1627
1512
7383
4572
1548
1719
7435
0
0
7256
0
0
0
0
0
1515
0
0
1529
7383
7463
4606
4606
0
7383
0
0
1736
0
1681
0
1528
0
0
0
0
0
0
0
4821
0
0
0
1598
4883
0
1479
1605
0
0
0
0
0
9439
0
0
0
0
1694
1750
4821
1652
7291
0
1619
0
1619
0
0
0
7324
4605
0
1822
0
9434
0
0
0
1588
1593
0
0
0
1793
0
9420
1685
1544
0
7454
1648
1544
0
1537
0
1717
1529
0
4673
0
4690
1553
0
0
0
7381
4841
1789
0
7305
0
4662
0
1482
0
1703
0
1792
0
0
1731
1571
1673
7301
0
1811
4642
0
1619
1358
1515
1779
4862
1482
0
0
0
1710
0
0
1547
0
0
0
0
0
1544
0
4572
1483
0
1700
0
0
0
4819
7302
0
0
7348
0
1588
9466
0
0
1598
1505
1581
4782
0
1730
1486
1734
0
4787
1568
0
1547
0
0
0
1520
1635
0
1627
0
0
1730
0
0
4847
1654
0
4749
0
1508
0
1823
0
1774
9545
1483
0
0
1589
0
1660
7388
0
0
0
1553
1694
0
0
1720
0
1733
0
4821
0
1624
1811
1497
0
0
4652
4717
4821
1624
0
1539
1758
0
1766
1529
1598
0
0
4713
4575
9445
1597
0
0
0
0
0
0
1770
0
1598
0
0
4735
0
0
0
0
9549
4833
1673
1730
0
1627
0
0
0
0
0
1651
4588
0
1767
1774
1544
0
0
0
1624
1681
1791
1637
0
0
9490
0
0
9522
1482
1766
1622
0
1479
1609
1756
1497
0
1737
1652
1476
0
1742
0
1566
0
1483
1627
0
7355
7310
9553
0
4673
4819
7480
0
0
1536
1601
1692
0
7261
0
1487
0
0
9504
4633
0
7300
1515
0
0
0
0
1579
1793
1737
4676
0
4841
0
0
0
4699
4699
1822
1811
9458
1750
7284
0
1511
0
0
9545
1523
1594
0
9522
1483
0
0
0
1796
1595
0
1652
0
4610
4853
1496
0
0
0
7261
4872
9496
0
9587
1556
0
0
0
0
0
4819
0
1547
0
0
1484
1741
1613
0
1469
0
0
1779
0
1737
0
9552
9450
4821
7318
0
0
0
0
0
0
1536
1496
0
4624
0
1757
1555
0
7252
0
0
0
0
0
0
1477
1729
0
1483
0
0
4572
0
0
1555
1468
4676
0
4841
1722
1613
0
1756
4730
0
0
0
0
0
1694
7308
0
1483
0
0
9410
0
1497
1624
0
1593
1626
0
4652
9549
0
4657
1731
9549
1483
0
1500
0
0
1471
1491
0
0
1613
0
0
1812
0
4579
1520
0
9529
0
1505
0
0
0
1633
1624
0
0
1756
4574
0
1581
1513
1692
1486
9410
1589
1589
7364
0
0
9507
1470
1508
1497
0
1496
1648
0
1611
0
0
0
4853
4572
0
9427
9458
0
0
1627
7381
0
0
4852
1704
1547
1549
0
1496
1500
1756
0
1536
0
1681
1811
1497
0
1572
1728
4678
0
4673
0
4813
0
0
1547
1486
4707
1793
1626
0
0
1467
1488
7336
0
0
9496
4605
1742
1799
0
0
0
0
4605
0
0
0
0
0
0
1544
0
0
0
0
4882
0
0
0
0
1483
0
0
1601
0
1622
1505
0
1626
0
4853
0
1468
1767
0
1788
0
0
0
0
0
1673
4748
7426
7454
0
4821
0
0
0
0
0
1544
1654
0
1654
0
0
1621
0
0
0
0
1566
0
1483
1547
0
0
0
1793
0
0
1719
4642
1483
1756
1483
0
7431
0
1796
0
1483
0
0
0
9590
7424
0
1662
0
1811
0
1601
0
0
0
1812
1627
0
1695
0
0
0
1785
7422
1802
0
4853
0
1673
0
0
0
0
1654
0
0
0
1487
0
0
1544
0
1587
1520
1580
0
0
0
0
1575
1802
0
0
7368
1626
1527
7454
1469
1479
1515
1520
1470
0
1583
0
1477
1548
1587
0
0
4605
0
1588
0
0
0
1497
0
1543
0
0
4685
0
0
0
0
0
9522
9458
0
0
0
7423
1496
1728
1547
1611
0
1478
0
0
0
7335
1639
1483
0
0
0
0
0
1756
0
0
1777
1528
4878
0
1528
1719
0
0
7322
7280
1470
7302
0
1501
4760
4642
9424
0
1497
1475
1497
0
4819
1799
7480
1522
0
0
1735
0
9420
0
7291
1624
0
0
4853
4736
1483
4804
0
1568
0
1570
4780
4826
0
0
1588
1811
1469
1626
0
0
7366
0
9504
0
0
0
7348
1483
1510
1476
0
1494
0
0
1742
0
0
1496
1544
4853
1646
1493
1539
1763
1529
0
1679
0
1756
1613
1609
0
4633
0
0
0
1470
0
0
0
0
0
1581
0
0
0
1737
0
0
1486
1737
7261
1673
0
0
0
1719
1497
1511
1483
0
0
0
9410
1588
1548
1537
0
9453
1811
1763
1539
1598
0
1566
1471
0
1656
7307
0
1483
0
0
0
0
0
1566
4806
1750
0
1477
4875
0
0
4609
0
1811
0
0
0
1477
0
4575
4886
0
1497
4606
4736
1650
0
0
0
0
1609
7374
0
9479
0
0
1483
1477
0
0
1589
4868
1501
0
0
1466
0
0
1555
0
0
0
1486
1750
4676
0
1750
0
1547
0
1633
9485
1767
0
1702
1695
1637
1497
0
1483
1505
0
0
0
0
1518
4609
1694
0
1737
1508
0
0
0
1570
1785
1511
0
0
0
0
7414
7305
1719
4853
0
0
0
0
0
0
0
1685
4861
0
7261
1622
0
1557
1481
0
0
1605
1611
0
0
0
0
1588
9486
0
1802
1611
1464
1544
4655
0
0
1483
0
0
1648
1561
4662
0
4678
1637
0
9459
0
0
9450
4707
0
4787
0
0
0
0
4777
0
0
0
9594
0
0
0
1535
0
1709
1703
0
1611
0
0
1513
0
0
0
1589
0
0
0
0
0
0
0
9552
7459
0
0
0
1483
7454
1670
1811
1654
4876
0
0
0
1570
0
4658
4853
0
1703
0
0
1476
1585
9458
9499
0
1756
7256
0
0
4632
9522
0
1593
0
1556
0
1598
1547
1528
1483
9522
1719
1477
4652
0
1539
0
7498
0
1814
1471
0
4650
0
0
0
0
1646
0
1544
4721
0
1809
1750
0
4642
0
0
0
0
0
4583
1503
4804
4703
0
1605
0
0
0
1613
0
1700
0
0
0
0
0
0
1515
4799
7354
0
4875
0
1766
1528
0
0
4790
1579
7261
0
0
1823
1717
0
1544
0
7366
0
0
1613
0
4605
4814
0
1523
1802
0
1766
1465
1605
0
0
0
9459
0
9594
0
7454
7256
7275
7424
1642
4602
0
1611
4725
0
4821
0
0
4799
7302
0
0
0
0
0
1814
0
1539
1613
1482
1673
0
7324
0
1585
4853
0
4799
0
0
1515
0
1737
0
4572
0
0
1728
1501
0
9504
9587
0
1624
0
0
0
0
0
0
0
0
0
0
4717
0
0
1652
0
0
1470
0
1635
0
1729
4605
0
1510
1598
1649
1694
1513
1512
9446
4850
4799
9545
0
1568
1585
4848
1699
1529
1568
0
0
7511
1654
0
7435
4588
0
1497
4702
1633
1486
0
1501
4610
4811
0
1557
4811
1626
1611
1476
1482
0
0
1613
4607
4613
7330
1756
0
0
0
1767
1692
0
0
0
4784
0
0
4804
0
0
0
1732
0
0
0
1587
1725
1520
9496
0
0
0
1811
0
1497
0
0
7299
7261
0
4790
1547
1501
7322
1536
1611
4727
0
0
1687
1703
0
0
0
1512
1622
0
1510
4844
7261
1619
0
4821
0
0
4588
1687
0
0
1619
0
0
1510
4690
0
0
4606
1642
0
1684
4657
0
7454
1505
1737
0
0
1767
0
4756
0
0
1593
1533
0
1811
0
1483
0
0
7305
0
0
4665
0
0
0
0
4588
1477
1682
0
1611
0
0
0
0
0
4853
1673
1465
1510
4847
1553
4735
0
1536
7291
1522
0
1767
4605
1581
1476
0
0
9522
0
0
0
0
1750
1622
0
1581
7299
0
1750
1611
0
1483
0
0
0
0
0
1624
0
0
0
1736
1811
0
1767
1544
1529
1753
4606
0
0
0
1469
1587
1469
7454
0
1589
7454
1811
1694
1589
0
7408
7408
0
7335
1626
1522
1753
1497
1613
1497
1624
0
4642
0
7252
1703
0
4702
1470
0
0
1742
0
4640
7364
1520
0
0
0
0
1687
1483
7307
9532
0
0
1572
1506
0
0
0
0
0
0
0
0
0
0
4853
4872
0
0
0
0
0
1561
0
1525
4673
0
1522
1611
4813
7491
0
0
1757
0
0
7423
0
0
1624
1573
0
4662
1687
7261
0
0
1497
0
1497
0
0
0
0
1543
0
4584
0
1611
1796
0
0
0
4673
1486
0
1497
0
1566
1510
0
7423
0
1483
0
4694
1685
0
4642
0
1694
1611
4804
0
0
1611
0
0
0
1544
0
1767
4642
1508
0
1660
0
4655
1523
1719
7500
1497
1673
7426
0
7461
1496
1500
7263
0
0
4602
0
0
0
1546
0
0
0
1482
0
0
0
0
4676
4619
0
4652
0
0
7293
4676
0
0
0
0
0
1543
0
0
9424
1613
4821
1533
0
0
0
4876
0
4811
1547
0
0
1736
1626
0
4588
0
1779
4760
0
1483
7376
0
0
0
7454
4812
0
0
7307
1811
0
0
4853
0
0
0
1777
0
0
4788
0
0
0
0
0
1757
4605
0
1561
1797
1477
0
1557
0
1483
1544
1544
1544
4673
7310
7423
0
1527
0
1547
0
4635
7498
0
0
4841
4736
1611
0
0
1637
4605
0
0
0
4642
0
1613
0
1672
7261
0
0
0
0
1547
1482
7335
0
1575
0
0
1654
0
0
0
0
1774
7261
4797
1568
0
1719
0
1811
0
1703
0
1700
0
0
0
7261
0
1677
0
1543
0
9446
7344
1487
9466
0
0
0
0
7454
0
0
0
0
0
4748
0
0
0
0
0
4814
7322
4726
1497
0
0
0
1555
0
7481
1547
9509
4642
0
1513
0
0
1811
0
0
1497
1751
1793
0
1543
7321
0
4846
1569
1654
0
4649
1482
0
1593
0
0
0
1679
0
1797
0
1611
4605
0
0
0
0
1750
0
7310
1544
0
4853
0
9522
0
0
0
0
1637
0
0
0
0
1730
9522
4668
0
1486
7269
7302
0
0
0
0
1624
4799
0
1483
0
0
1572
0
0
1719
0
9522
0
7298
0
1633
9501
1719
0
0
0
0
9424
0
0
1511
7330
0
7413
0
0
0
7454
1589
1526
1497
1678
0
0
0
0
1673
7400
1731
1544
1673
1673
1544
0
1589
0
4708
1471
0
7435
0
0
4624
0
7261
1477
1656
1497
0
0
0
0
1585
0
1756
0
1635
0
4645
0
9556
0
0
0
1483
0
1568
0
1742
4883
1557
0
0
0
0
0
1471
1619
1570
0
7302
0
4883
1537
9434
1514
4617
0
0
0
4609
0
4676
0
0
0
0
0
4605
0
1488
1479
1814
0
7454
7336
0
0
0
1642
4679
0
0
0
9486
0
7255
0
9459
0
0
1656
4690
1548
0
1548
1730
1572
0
1547
1626
0
4721
0
1483
0
1811
1497
7364
1497
1555
0
1555
1724
0
1483
9424
0
0
0
4835
0
0
0
0
0
0
1481
9501
1627
1526
0
4660
1719
7299
0
0
1547
0
1619
1677
0
0
0
1686
1566
1611
1528
7454
0
1613
0
9420
0
7450
4749
0
0
0
0
1510
1469
1589
0
4610
0
1624
4690
0
4736
0
7480
1471
0
0
0
0
1498
0
1757
0
0
0
7300
1469
1811
0
0
1557
0
1639
1737
1608
0
0
1731
7414
0
0
0
0
7261
0
1503
1685
4811
0
4690
0
0
4858
1785
1583
0
1500
0
0
4662
1483
1464
0
0
1485
0
1513
0
4673
0
0
0
1723
0
1471
0
0
1544
0
0
4605
0
1812
1630
0
1501
0
0
0
1483
0
0
0
0
0
7449
0
0
0
0
7261
1637
1497
7336
0
0
1624
0
0
1540
1483
1497
0
0
0
1649
7414
4872
1623
0
1497
1811
0
0
1811
0
1784
1717
0
0
0
0
1527
0
0
1537
1477
1611
1520
0
1823
4673
4690
4649
1483
0
0
7423
0
9420
1500
0
1654
1622
7454
7344
7383
1713
1753
1581
0
0
0
0
0
0
7480
0
4692
9509
1483
1619
0
0
1683
0
0
9594
0
0
0
0
0
1673
1483
1607
0
7383
4788
4783
0
0
1589
1520
0
0
1483
1613
7256
4809
1654
0
0
1692
0
0
1498
7261
1497
0
1637
1529
0
7423
0
0
1769
0
0
4876
1523
4572
0
7261
0
4605
4852
1547
0
1543
1468
0
4820
0
1779
0
0
0
0
0
0
0
1572
4811
0
4618
0
1652
0
0
1555
0
9513
1561
1730
1811
0
0
1483
0
4821
0
1613
0
0
1497
0
0
1581
0
0
0
9455
0
0
0
7256
0
0
0
0
0
0
1544
7344
9464
4825
1547
0
1511
0
1498
0
1720
0
0
1522
1569
1778
1497
0
1684
0
0
1753
0
0
0
0
0
0
0
1483
0
1624
0
0
7491
1547
1622
0
7444
0
4780
0
1589
1595
0
0
0
0
0
0
7364
0
1479
0
0
7267
9587
0
1770
0
4613
1483
0
1751
0
1482
1471
0
0
0
0
9522
4872
0
0
1756
0
0
1531
0
0
0
0
1483
4736
0
0
4673
1811
7308
0
1694
0
0
0
0
0
0
1650
7261
1711
0
1681
0
1547
1540
0
1779
1567
0
0
4841
0
0
0
0
0
0
1818
0
0
0
1750
1484
0
0
1484
7310
0
1542
1673
0
0
7507
0
0
0
1725
0
0
4882
0
0
1469
4777
0
4605
0
0
4660
0
1518
0
1800
1756
4635
1753
0
1709
0
1540
0
0
0
0
0
1684
0
0
1575
4749
0
0
1639
1639
0
0
0
0
4605
0
0
0
1793
0
0
1528
0
0
1637
0
0
0
1734
4883
0
7267
0
0
7313
1543
0
1475
0
0
0
0
1800
1811
0
0
0
0
4853
4831
9522
0
4868
0
1692
1785
0
0
0
4658
4806
0
1694
0
0
1698
0
7300
9501
0
1601
0
7267
1627
0
1694
1611
0
0
0
0
0
1598
1633
4821
1750
1507
4853
7261
0
4572
1543
0
1682
1656
0
4645
7300
0
0
0
4819
1731
0
0
0
1721
0
0
1675
1470
4806
1698
0
7380
4613
0
1522
4841
1497
0
0
1613
0
0
4875
4875
9430
7478
0
1810
0
1496
1475
0
1799
1477
1735
1529
0
0
1683
1510
1556
0
1486
0
0
0
0
0
4690
0
0
1672
1694
0
0
0
0
0
0
1548
0
0
4872
9464
0
0
4662
1593
7454
0
0
0
0
4606
1753
0
0
0
0
1547
4590
7270
0
0
1513
1589
7354
0
1510
0
0
4618
7291
0
0
7291
0
7376
1520
0
9553
1735
0
0
1684
0
1512
1619
0
0
1714
0
0
7480
0
0
7454
7454
0
1691
0
0
0
0
0
0
9466
1581
1814
1777
0
1483
4642
0
4853
0
0
1806
0
0
0
9545
0
1539
7454
4780
0
0
1519
0
0
7414
0
1638
0
7280
7280
7280
1626
0
4864
1651
1483
1558
4721
0
0
1476
0
0
1481
0
0
4606
1624
0
1527
1648
0
0
1679
1621
0
0
0
1608
0
0
4736
1481
1740
1756
4673
1811
7454
0
0
1779
1483
0
1483
0
0
4736
1741
1813
0
0
0
0
4642
0
7261
1758
0
0
1621
0
7358
7354
0
9486
0
0
0
0
0
0
1630
0
0
0
0
0
0
0
0
1673
0
1536
0
1540
1479
1652
1793
1730
0
1570
1480
0
0
0
0
0
0
1623
0
0
7388
4572
4688
0
9516
1500
1536
0
1467
0
0
0
1588
0
0
0
0
0
0
0
0
0
0
0
0
4649
0
0
1787
0
1515
1515
4657
1473
0
0
1553
0
0
1595
1595
4632
1505
4721
0
0
1735
1583
4740
1515
7301
0
1544
4596
0
0
9466
1465
0
0
0
1547
0
0
0
7263
1500
1757
0
0
0
4886
0
0
0
4662
7258
0
0
0
0
0
1725
1463
4811
1758
1589
0
1702
1737
1709
1721
1476
0
4673
1513
4652
1588
0
0
0
0
0
0
1537
4749
1611
1767
0
4581
1470
9594
0
0
0
1756
1763
0
0
1673
0
0
1501
0
1505
4806
4729
0
0
0
1800
0
7323
1763
0
1648
1605
1605
1605
0
1763
1505
4779
0
4572
1583
0
0
0
0
0
0
0
0
4649
7478
0
1531
1668
0
0
1593
4642
1571
1476
0
0
0
1771
1527
0
0
0
1702
1520
0
1520
1488
1785
0
1527
1492
4713
0
0
0
9594
4649
0
1608
0
0
9549
0
0
0
4628
4799
1799
7310
0
0
4606
0
1558
1600
0
0
1767
1547
9594
1593
0
0
0
0
4821
0
0
1601
1544
1528
0
4797
0
0
0
1626
1626
0
0
1476
0
9590
0
1514
0
0
0
0
0
0
0
7414
0
1823
1822
1483
1722
0
1548
4769
1614
1722
0
0
0
5659
0
10077
0
2252
2177
2686
7741
5580
2733
0
2372
2479
2700
2176
7805
0
2767
2361
0
0
0
7895
8110
8110
0
2143
0
0
2717
2584
2492
5477
5652
0
0
0
0
2701
0
0
0
2217
2322
0
2173
2204
0
2209
2271
2382
0
5637
2719
2273
0
2261
2423
8108
0
2632
0
0
2396
0
0
5481
2173
2145
0
2717
5257
0
2538
0
0
0
0
2448
8032
2474
0
0
7877
2161
5529
2224
0
9996
0
2298
0
0
0
0
0
0
2722
0
9886
2222
2322
2601
5662
0
2131
2663
2180
0
2697
0
2479
2192
0
0
2411
0
2479
2574
0
2417
2147
5473
0
0
2367
0
0
2670
0
0
2612
0
0
0
5551
2730
0
7869
0
2627
5566
2220
2367
0
0
2697
9886
9988
2665
2214
0
5637
2198
0
2308
0
2340
0
10058
2405
0
5569
2177
2168
2292
0
0
5211
0
0
2740
5561
5548
2443
7729
2144
2270
7889
0
0
2276
2254
2564
9924
2367
2273
2455
0
2439
0
0
5436
2441
0
9907
2376
2671
0
0
2160
2165
5262
0
2637
2171
2588
0
2236
0
0
0
0
0
2701
2389
5283
2144
2204
0
2163
2424
0
0
0
2367
2321
0
0
5303
5431
7909
2120
2463
0
0
0
0
2208
5363
0
0
0
5576
2205
2647
0
0
0
2501
5268
2215
2198
0
0
2165
2356
2164
2420
9936
2640
2311
0
2320
0
0
2635
0
2322
5509
2376
2765
7851
0
0
7762
0
5173
2276
0
2128
2646
5659
2164
2670
0
2700
2217
0
2275
0
2686
2259
0
2209
5179
0
8060
5171
2737
0
0
8061
2313
5213
2443
8012
5229
2189
0
0
2739
8129
0
0
0
5455
0
0
0
0
9947
2701
7974
2371
0
2512
2700
0
0
2167
5523
2230
2418
2257
8042
7838
5129
2371
5600
5652
2257
0
7872
0
0
5131
2687
5431
2730
2204
2135
0
0
2560
0
2443
2287
0
5307
2277
5229
2480
0
2259
0
5179
2144
0
2390
0
0
2257
2128
2206
0
0
2438
0
0
2405
7856
0
2255
2213
2144
0
2155
2292
0
2306
0
2413
5402
2439
5619
0
0
2517
2595
2644
2549
8041
2175
10058
0
7872
0
7756
5247
0
0
2632
10066
8131
2700
2150
0
5393
2144
2771
2687
8071
0
5415
2687
2137
0
10076
8079
0
0
0
2313
0
2204
5431
2230
0
7739
5229
2386
0
2663
2253
5451
0
0
7855
2356
0
2199
0
0
2506
10006
2409
0
2121
2300
0
2376
2306
0
0
2701
2158
5229
2236
2435
0
2468
0
0
7792
8002
0
2535
0
0
2657
2584
2272
0
0
10098
2515
2770
2268
0
2526
0
0
0
10069
7838
2217
2367
0
0
9965
5289
0
2661
2701
2252
0
7895
0
0
0
2320
2429
2646
7895
5229
0
0
2410
0
5137
0
2740
0
0
0
2436
5591
2147
5141
2759
5602
2176
2665
2701
2665
0
2315
0
2182
0
0
2320
2492
5308
2433
2601
2204
0
0
0
2701
0
0
2371
0
0
2251
2701
5213
7855
0
2311
2549
0
2498
5605
0
7792
0
2618
2196
0
9948
0
2759
8078
10122
2275
2389
0
2535
2710
0
0
2276
0
0
10115
0
2689
0
0
0
0
2217
2265
0
2198
0
5360
9694
0
0
0
0
2444
0
5580
0
0
9862
2549
0
2199
2313
0
2492
2701
0
0
0
0
2548
2157
2247
0
5198
2209
2279
5252
2622
2413
8061
2706
0
7998
0
2220
2255
0
0
0
5425
2218
2255
0
10121
2687
7981
0
2700
8078
2196
7930
2235
0
0
0
0
2307
2198
0
2767
2718
7792
5230
0
5412
0
7795
0
2199
2455
0
2339
0
0
2302
2582
10036
0
2215
2444
2256
0
0
5179
2767
2700
0
5318
0
10122
0
5229
0
0
0
2462
7904
2710
2478
2183
0
5196
8078
7756
2517
0
2389
2320
2719
2420
7868
2701
0
2360
5141
0
0
9886
9958
0
0
2701
8053
2700
2550
2220
5529
0
2420
2216
2372
2192
5371
0
0
0
2332
2534
2545
5350
2439
2352
0
8129
0
2158
0
2652
7760
0
2430
0
0
0
5143
8002
0
2525
0
0
5354
2252
2657
2416
2343
0
0
2282
5186
2288
5627
0
0
2721
0
5378
8049
0
2420
2691
5603
0
0
0
0
2158
5526
2455
0
0
0
5378
0
2326
0
2344
0
2331
2552
2177
0
0
0
2388
0
5291
0
2131
9862
5523
0
5639
2492
0
5383
2273
0
5562
7813
0
7719
7755
8110
10108
0
5591
5526
0
0
0
2604
0
0
2376
2386
5431
0
2222
0
2250
8110
2442
0
0
2398
2228
2386
0
7923
2701
0
2674
5320
0
2193
5677
0
0
0
0
0
2143
7872
2282
2198
2717
2350
2277
2309
2356
0
0
2700
2687
0
0
0
0
0
2461
2274
9950
5477
2158
5417
2217
0
2665
2155
5345
0
0
0
2182
0
0
2209
2326
7775
0
0
5479
2239
0
2468
0
10066
0
2661
0
2501
5415
2281
2544
5580
2155
2429
2299
2376
5257
0
2127
0
0
0
2755
0
2532
0
2400
0
0
5534
5605
5318
0
2234
2389
0
2517
5355
2700
8053
2430
2215
2286
2532
2721
5266
0
10127
7872
5291
2599
0
0
7792
2599
7904
0
0
2291
5150
5150
0
5685
2120
0
0
5345
2701
0
0
2152
0
5576
5582
2145
2367
2215
9936
10078
9901
2279
2465
2614
0
2310
2400
2573
2121
5226
2198
0
2397
8041
2378
0
0
5483
5512
2494
0
2252
0
0
2282
5392
5248
2552
5549
7872
5213
4891
2302
2168
0
2253
0
2248
9996
2628
0
5173
5169
2320
0
0
2637
10066
0
2246
5229
0
0
2273
2152
2624
10011
2755
2262
0
2122
2255
2209
0
2176
0
2467
0
0
0
0
2320
0
0
2668
0
2188
9950
2455
2405
5457
5538
8061
2461
0
0
5358
0
0
0
2367
0
7832
5199
0
0
8010
5153
2288
0
0
2367
0
0
2701
0
0
2356
2550
2501
8049
0
2700
2291
0
5499
0
0
0
0
2577
2127
2337
2143
2677
10121
0
2441
2353
2388
2700
2498
0
2248
0
2248
7759
0
0
2640
2378
2320
2451
2128
0
2498
0
0
2345
2218
8048
0
5307
0
2236
0
0
0
0
2763
2182
7953
2289
0
2169
2510
5494
2604
0
2501
0
2455
2700
0
2143
0
0
2147
0
5257
0
2123
2203
5291
2396
2413
2331
0
0
2165
0
0
7792
0
7717
2276
0
7728
2259
7792
0
2377
2489
5477
0
2700
2157
7859
7844
0
7932
5151
0
5304
2220
2405
0
2198
2248
10007
5402
2759
5229
0
0
0
2371
2321
5501
5358
5129
0
2748
5605
0
0
7728
0
5462
0
5538
2367
2710
0
0
5486
2701
0
5392
2699
8125
8076
2213
5692
0
9957
2742
5196
2430
0
2144
2131
10122
2505
0
2367
5158
2274
8061
5415
2344
5129
2485
8048
8041
5229
2555
2700
7792
10094
0
0
2584
10122
0
0
2477
0
2153
0
0
0
5653
0
2534
0
2699
0
0
0
5133
2422
2439
2197
2549
5414
5677
0
5137
0
0
5431
0
0
5344
0
2205
2633
2335
2198
7932
2265
2569
2516
0
5137
0
0
0
2700
2400
0
0
7792
0
2599
2205
2701
2155
10078
2411
0
10122
0
9862
0
2120
2645
0
2468
2389
2759
2690
5414
2352
0
5609
8018
0
2400
0
0
0
2120
5677
0
2594
7739
2131
2419
2691
2212
5318
2690
2313
2599
0
0
0
2210
0
2220
0
0
10094
10098
8106
5137
5344
0
7953
0
2271
2407
0
0
2386
0
0
2343
0
0
0
2229
2375
2356
8061
2691
0
0
0
2331
2772
7844
2150
0
2479
0
2149
0
0
0
2479
2320
5213
2420
5389
2405
5170
2372
0
0
0
2407
0
10066
2492
5477
2690
9965
0
0
2148
0
2479
2417
5672
0
2413
0
9924
0
2214
0
10045
0
0
0
2246
2443
0
0
2279
0
2558
2124
0
2675
2377
5153
0
2673
0
2322
2271
0
2182
2637
10005
0
0
0
7844
0
2197
2310
2144
2455
2250
0
0
2464
8098
0
7755
7795
0
2339
5674
0
2700
7792
0
0
0
0
0
0
5486
5676
8032
0
2701
7877
2209
2519
0
5393
0
2214
0
0
0
2204
0
2405
0
0
2449
2483
9989
2494
2706
10048
5211
0
2501
0
0
0
0
2149
2352
2408
0
2604
0
2531
2199
0
0
0
0
5659
0
2215
0
5550
10122
2550
0
2430
2144
2339
0
0
7728
2127
2320
2560
0
2343
0
2332
7795
0
0
2701
0
0
2616
2722
0
2399
9694
0
10122
0
10121
2342
9975
0
0
5672
0
9886
0
0
2501
2592
0
0
2455
2143
2668
0
2467
10011
0
0
0
8048
0
0
5523
10098
0
0
0
0
0
5618
2418
0
0
0
0
2131
8076
0
0
2507
0
5229
7871
8032
2169
2420
5674
0
2268
2423
2253
0
5457
2759
2396
2442
2367
0
2152
0
0
5511
2371
2330
0
0
0
2198
0
0
2724
2292
2518
2429
0
0
2252
0
2253
5257
2455
0
0
0
0
0
0
2445
5227
0
5205
0
0
0
5328
8129
5415
2172
0
5364
5664
0
0
0
0
2375
2767
5436
0
2618
2204
2710
0
0
0
0
2135
0
0
0
0
0
0
2569
5477
0
7990
2604
0
2745
2164
0
5169
0
5331
2640
2594
5213
8015
5440
2577
2310
5151
0
7895
2285
0
2310
0
0
9965
0
5529
0
2676
2219
5150
7872
2699
0
0
0
0
2275
7872
8032
2378
2315
2225
2555
10066
0
0
2367
0
0
0
0
2534
2701
0
2270
0
0
0
0
0
2320
0
0
2692
2449
2177
0
10071
0
0
2283
2508
2550
0
0
10150
0
5170
0
0
0
2405
0
0
0
5153
2333
0
0
2653
0
2225
2659
2558
9886
0
2476
5397
2132
2279
0
10005
0
8046
0
0
0
0
2239
2226
2579
2717
0
2523
7904
7881
0
2443
2282
0
2256
2274
0
8110
0
2344
5461
10058
2483
7857
0
2228
0
0
7904
2477
0
9975
2671
2248
0
0
2555
2298
0
0
0
0
2757
0
2549
7795
0
2612
0
2310
2372
0
0
2687
0
0
0
10150
2400
2647
2279
2197
2445
2326
2461
0
2238
0
2376
2478
2127
2382
0
2523
2175
7809
5229
5229
2321
5609
5583
2481
0
7881
9907
0
5236
0
0
5544
7839
5153
2467
2640
0
5613
0
2700
7721
2231
5257
2155
2700
0
0
0
0
0
0
2176
5308
7728
5677
2675
5267
0
0
2417
0
7755
2375
2673
0
7872
5393
2700
5378
2474
7993
0
0
0
5355
0
2376
2399
0
0
0
0
0
0
7895
0
2215
2286
2124
2230
0
2144
0
2577
2152
9906
2371
0
0
0
7881
0
5415
9930
2612
0
2164
0
0
5659
0
0
0
2292
7911
0
2213
7742
2339
2155
0
5414
0
0
2700
8032
2321
2344
10127
2183
2483
2485
8125
5240
2700
2319
0
2235
2343
2700
2375
2152
7755
0
0
0
0
0
2205
0
0
8002
2700
0
7755
2618
0
2308
5418
0
2435
5141
5450
7728
0
2252
2371
2492
0
5142
2599
2549
0
7872
2618
2311
0
0
5412
0
0
2549
0
2253
5164
5350
0
0
0
2722
2158
2665
2251
0
2439
5141
0
0
2384
0
5461
0
2198
2153
2700
7905
4908
2157
2298
2144
5137
2455
2706
2319
0
0
0
0
2320
2740
0
2648
0
2701
5602
7872
2701
2270
0
2430
2320
5605
0
2389
2198
0
0
5354
0
0
2172
0
0
0
0
2632
5129
0
0
0
2700
2700
0
0
2331
0
5229
0
0
2372
5393
5344
2409
2268
0
5569
0
5605
0
0
0
0
2443
2461
0
0
0
0
2474
0
2719
8110
0
0
5434
2477
2646
0
5473
0
5307
2505
2405
0
10071
0
5129
2455
7919
8032
2626
0
0
2356
2665
2694
2476
2158
0
9976
0
0
7871
0
0
0
0
5562
0
2417
0
2251
10125
10123
10092
0
2332
0
0
2183
2706
0
0
7795
0
2364
2310
0
0
5461
2169
0
0
0
2700
0
2335
0
8049
0
0
5393
2155
2292
2147
10150
5549
2496
0
2307
2467
0
2538
0
0
0
0
5169
2188
0
0
2198
0
2217
0
2700
2369
2508
5646
2375
2565
2184
5605
2767
2474
2709
2759
0
2198
0
0
7760
0
0
0
0
0
5144
2628
2534
0
2302
2471
5153
0
2532
0
2501
0
2523
2686
7717
0
0
0
0
0
0
0
5462
5350
2687
2210
0
0
0
2701
0
0
5229
2169
0
2354
7895
2300
2177
5170
0
5153
8026
2548
0
2205
0
2219
0
10153
2270
5659
2205
2676
0
2253
2700
2700
2710
2371
7838
2153
5662
0
2368
2289
2378
5205
0
0
0
0
2681
0
8012
2204
2710
0
0
7872
2376
2419
2465
10122
0
0
2740
2479
8061
2700
2339
0
0
0
0
7755
0
5179
2398
0
2483
5553
2199
0
2443
2616
7904
5144
2313
0
0
5229
0
2301
0
2147
0
10009
7784
2755
2272
5371
0
0
2512
5229
9862
0
2549
0
0
10122
0
0
0
0
0
2219
0
2601
5143
2271
0
2700
0
2632
0
0
0
0
0
5157
5188
2646
0
0
0
0
5143
2614
2450
0
2759
0
2367
0
0
2202
0
2641
2582
2663
7872
2275
0
0
8053
2372
2447
2429
0
2376
2355
5188
2188
2419
2626
0
2492
2451
2210
0
5538
0
0
2131
2492
0
0
2367
0
0
8110
0
0
0
2144
2144
0
0
0
2198
2584
5211
7844
0
2442
2648
2484
2367
0
0
0
7741
2188
0
7843
2122
2416
0
2417
0
0
0
2613
0
5461
0
2309
0
5436
0
0
0
2633
0
2131
5257
5549
5576
0
5499
0
0
0
5240
5240
5659
5402
0
2700
2670
2336
0
0
0
2423
2129
0
2767
0
2709
2189
0
0
0
2687
0
2639
2601
5344
0
0
0
0
5689
2306
2514
0
5195
2209
0
2519
2618
0
0
2405
5561
0
2474
2169
0
2322
0
0
2656
0
0
0
2627
0
5248
0
2218
2252
2594
0
5600
2507
8049
8108
0
8032
2257
0
2466
0
5473
2128
0
2699
2301
2507
2230
2718
2450
2443
5677
0
2215
0
0
0
10127
2345
2252
2459
2176
0
0
0
2700
0
8119
8032
7863
0
0
2288
2148
5158
0
2377
2480
0
2479
2467
2584
0
2413
0
0
0
2531
5587
5259
0
2647
2361
0
2419
0
10150
7872
9886
2327
0
2320
0
0
5230
0
5360
0
5549
2759
5414
2205
2342
8032
0
0
0
0
2531
7795
2309
0
2128
0
2594
5206
2565
0
2375
0
2356
5141
2199
0
0
2553
2375
0
2383
2228
2599
2246
0
0
0
5580
2399
2176
2155
2399
5659
2250
10049
0
0
2377
2701
0
2700
0
2449
2383
5561
5304
7868
2383
0
7930
2375
0
2281
0
2292
2743
2213
0
8032
10066
0
0
2560
0
0
0
2423
0
5659
2687
0
2198
0
0
2236
2296
0
7895
0
0
0
2333
0
2433
2408
2532
0
2241
2144
2582
10121
0
0
0
2714
2260
2687
0
10133
5291
0
2215
0
2290
2489
2534
0
0
2508
0
0
0
0
0
5137
7792
0
2275
0
0
0
2700
10000
0
5344
2351
5318
2433
0
2645
2423
7763
2367
2607
0
2405
0
5240
0
2463
2376
0
2498
0
0
10109
0
7904
0
0
0
0
0
2288
0
2209
2396
0
9862
10057
7872
0
2500
2485
0
0
9861
5143
5659
10127
2155
9867
0
9975
2350
5191
0
2700
2164
2158
0
2398
2158
2701
8032
0
0
7953
0
2313
2248
0
0
0
2687
5549
0
0
2165
2330
0
2198
0
5462
0
2400
0
5450
5150
10066
0
10094
0
0
2252
2604
2253
5355
5355
5360
9965
0
2130
2331
0
0
10150
0
0
7857
7924
0
0
5538
10075
0
0
2376
0
0
2449
2214
0
10078
5673
2417
0
0
0
2164
0
7792
0
0
0
2146
5215
2219
2375
0
2770
0
5229
5191
0
2176
0
2740
7795
0
0
7795
0
2196
5526
0
0
0
2530
5259
0
2386
5182
0
2219
0
2137
0
2326
0
2548
0
0
0
2618
2327
0
2281
0
2687
5674
2261
0
0
0
0
0
0
2717
10036
2476
5257
2158
0
5473
2275
0
0
2480
2213
5605
0
0
2158
5605
2700
0
0
2700
0
2563
10127
8018
5605
0
2276
0
2618
5659
0
7792
0
7872
2701
2198
2205
7919
0
2442
0
0
0
0
0
7933
0
0
0
8032
0
0
2169
0
5153
0
0
0
2500
9975
2202
0
2334
2250
9965
5418
2216
0
0
2224
2169
0
2343
2193
0
2252
0
0
2775
2279
7904
0
2310
0
0
5442
0
5291
7859
2740
2320
0
2649
0
0
2282
2151
0
0
2429
2423
2411
2579
2668
0
0
2147
0
2232
0
2423
10094
5676
2353
0
0
5602
5213
7782
2233
8079
0
2443
2409
0
0
0
5392
0
2188
0
5662
0
2582
2169
2229
2198
0
5481
0
2694
2128
2717
2417
0
2313
0
2601
7939
9965
2691
0
0
5145
0
10000
2215
0
5393
2169
0
0
2700
2172
0
5219
0
5402
5299
2655
0
0
0
0
5229
0
0
2388
0
2298
0
0
2343
2343
0
0
10045
0
0
0
2143
0
0
2687
5526
2413
0
0
0
2400
5659
0
0
2224
0
2400
0
0
5572
5534
0
2436
5543
0
2432
7884
10094
5399
2321
5289
2216
2601
2405
0
2635
2383
0
2249
0
0
0
0
2687
2319
10122
5375
0
5145
0
5457
0
2673
0
7832
0
8061
0
9862
0
9862
0
2649
0
0
0
5491
0
0
2700
2594
0
0
2169
5678
0
7809
2231
8032
0
0
8002
0
5627
2155
0
2670
2326
0
0
0
7872
5247
5526
0
2701
0
2575
5402
0
0
0
5141
0
2417
2236
2440
2360
0
2177
0
5652
0
5473
0
0
0
0
0
5349
0
5553
9920
5455
2667
2623
2165
0
2594
0
0
0
5561
0
0
2479
2245
2376
0
2599
2176
2339
5477
8061
5677
5430
5273
0
2555
2733
2191
2144
5341
5213
5602
0
0
0
2333
2685
0
0
8119
2577
2187
2476
0
0
0
0
2420
2628
0
0
5229
0
2700
7759
2651
2436
5561
0
2459
2136
2164
0
0
7953
0
2273
10078
2701
0
5609
5378
2417
0
2687
2232
0
0
5344
0
2740
2218
0
7855
2257
8061
2228
2701
2218
2316
2172
2717
2420
2483
2339
5451
0
2204
2712
0
5393
2217
5129
0
2701
5179
5289
0
0
0
5291
2219
0
2518
0
0
2534
0
2478
0
0
0
0
5259
2496
2563
2282
2331
2207
2398
2188
0
0
5415
0
7756
0
2644
0
0
2279
0
0
0
2158
2719
5639
5171
2306
7932
2265
2333
2219
0
0
0
2710
2182
2710
8048
2205
5605
0
2652
2710
2143
2279
2657
0
0
0
7775
0
0
10122
0
2618
2281
0
2242
5388
9886
5347
10048
10066
0
0
2353
2448
2766
0
0
2548
0
10122
5229
0
0
2382
0
2204
8104
2545
0
5415
0
0
2219
0
0
7851
2168
0
2496
0
0
10121
2311
5331
0
0
2204
0
0
0
2400
0
0
0
2165
5462
2176
2400
5659
10127
2252
0
0
2637
5510
2321
5523
0
0
10076
2491
2311
0
10094
2465
5146
0
2389
0
5566
0
7760
2356
0
0
2496
0
0
0
2310
2384
0
0
2396
2248
2150
2150
5287
2147
10075
10075
0
2141
0
9886
2313
0
0
0
0
0
7998
0
2236
0
2700
8092
5572
0
0
10005
2477
8032
0
2498
2364
0
7844
0
7879
2332
0
0
2455
0
0
2618
0
0
5267
2221
9917
2690
2690
7760
2477
5415
7868
2601
5132
0
0
2283
2360
0
0
0
0
2152
10122
0
7728
8061
9950
7792
2687
0
0
2156
2717
10150
5188
0
2128
0
0
0
2767
8061
0
2181
2250
5259
5247
0
0
0
0
0
0
5378
2146
0
2399
0
0
2176
2119
10075
2182
2549
7855
0
2510
0
2143
0
0
2378
2228
2470
0
2700
0
0
0
5383
2204
0
2343
0
0
2477
0
2773
0
2368
2544
10066
0
0
5646
0
2198
2214
0
5561
0
10026
2701
2647
5477
0
2273
0
2326
2363
0
2230
2243
0
2514
2443
2771
2236
2123
2377
2476
2700
0
0
10020
0
0
5662
2231
0
0
0
0
5674
0
2172
5217
0
9975
0
0
0
5538
0
5600
2230
0
0
0
2378
2616
0
0
2751
2485
5301
0
0
2549
2443
2120
0
2322
0
2443
2476
0
7788
0
2757
2252
7790
2579
0
0
2771
0
2181
0
2411
5142
0
0
0
5188
0
0
2160
2197
0
0
0
7812
0
5143
0
2687
0
0
0
0
0
0
8026
0
2476
0
5689
2269
5549
2176
0
0
2173
2458
0
2413
5683
2272
5318
2400
0
2217
2705
0
0
2645
0
5652
2372
2198
2514
5509
10011
0
2414
0
2355
0
8032
2435
2584
2140
0
0
2298
2215
5576
5659
5218
2279
2376
0
0
0
0
5230
2176
0
0
2207
2298
0
0
5673
2286
0
2344
2599
2701
5318
2169
2740
2678
0
2594
2423
10009
2461
0
0
2727
8053
0
2491
0
7872
5462
5219
7752
2261
0
9965
0
0
0
0
5129
0
2701
2445
2700
0
0
2307
0
0
2687
2640
5639
7995
0
2700
0
0
7895
2601
2291
0
2492
0
0
0
10020
0
5143
2691
2128
2313
8061
0
0
2690
10007
0
0
5318
2743
9982
7741
0
2444
2198
2377
0
0
0
0
0
0
0
0
2302
2320
0
0
0
2127
8046
2275
5415
2122
0
2742
0
2405
0
0
0
0
10100
0
5219
0
0
0
0
5229
0
2694
0
2343
2356
2444
0
0
2553
0
7872
0
0
0
0
2376
0
2724
2534
5664
7956
0
2604
2229
2265
0
0
2173
2219
0
5602
0
0
0
0
5536
0
0
0
2141
0
2618
2120
2122
2486
2652
0
0
0
2120
2336
0
0
0
0
0
0
10114
0
5213
0
2296
2158
5614
5575
0
0
0
5219
2511
2479
0
0
0
0
5576
2590
0
5257
0
0
0
2220
2120
2312
0
0
2652
0
2740
2177
0
2152
5367
2331
0
2700
0
2276
0
2405
2376
2687
0
0
0
2600
0
2659
5427
0
7995
2722
2367
5272
0
2249
2632
2279
2326
2666
0
5393
0
5196
2208
0
0
0
0
2483
0
2405
9946
2172
0
9907
5230
2176
0
2752
0
0
10066
8032
0
0
0
5226
2352
0
0
2501
5582
2724
2236
2618
0
2614
0
2733
0
2635
2407
2394
0
5141
0
0
5350
5675
10066
2455
2279
0
2719
0
2296
0
5473
0
8032
2215
0
5678
10017
8022
2377
2140
5307
0
2304
0
2304
0
2443
2320
2467
5143
2376
9886
2700
0
2326
0
0
2122
0
0
0
0
0
2448
0
0
7742
2378
0
0
8002
0
0
5318
0
0
0
5211
0
8102
2165
0
5414
0
5247
5229
8002
2646
5283
0
0
5591
0
0
0
0
0
0
2192
0
2461
0
2709
5501
0
7897
0
9917
2430
0
2451
0
0
0
5278
2481
0
10011
8082
0
0
2219
0
2334
2366
5294
2555
0
0
0
0
0
5229
0
5308
0
0
2575
0
0
0
0
0
2307
2186
0
0
0
0
0
0
0
5268
2725
0
0
0
0
8042
0
2694
2649
0
0
0
5153
0
0
5229
2205
2172
7755
0
2694
0
0
2400
2388
0
2565
0
2173
2176
5354
0
2274
0
0
0
2444
2601
10007
2706
2661
5218
0
0
2725
5135
10127
0
0
5377
0
0
2304
2508
2508
0
2591
5427
0
2204
2476
2183
2461
2557
10007
2247
0
2685
0
0
0
0
5646
0
7996
2399
0
0
0
0
0
2740
0
5451
0
0
2581
0
2127
5561
0
0
0
0
0
0
0
0
2444
0
2345
2133
2646
0
0
0
2388
5399
0
0
2355
0
0
0
2512
0
0
0
0
2545
2353
0
10056
2700
0
0
0
2342
0
2700
0
2207
2261
0
0
2687
0
2701
2292
0
0
0
8042
0
0
0
10066
5137
0
2313
2165
2321
0
5659
0
0
8073
0
10122
0
0
0
2517
0
2188
2368
0
0
0
2197
0
0
2271
0
2204
2179
10122
2320
0
0
2500
2400
0
0
2700
2740
0
2176
9972
0
2307
0
2492
0
8104
0
5662
0
7728
2763
2229
2498
0
2725
0
0
5370
2699
0
5240
2618
0
2441
2691
7996
0
0
0
0
10171
0
0
0
0
0
0
10157
0
0
0
0
0
0
0
0
0
0
10181
0
0
0
2789
0
2797
0
10157
8137
5740
0
0
0
2834
0
0
0
8137
0
0
0
0
0
0
0
0
0
0
0
0
0
0
0
8140
0
0
0
0
0
0
0
0
0
10157
0
0
0
0
0
0
0
0
2834
0
0
8139
0
0
0
10181
2792
8146
0
0
10170
0
2844
0
0
0
0
0
0
0
0
0
2805
2843
0
2838
0
0
0
0
0
0
0
0
2844
0
0
0
0
2784
0
2844
0
2820
0
0
0
0
0
0
2834
0
2787
8137
0
0
0
10157
10162
0
0
0
5715
2814
10164
0
0
0
0
2793
0
0
0
2776
2787
0
0
0
0
2797
0
0
2814
2789
0
0
0
0
0
2814
0
0
0
0
0
2829
0
0
0
0
2832
2814
0
0
0
0
0
0
0
0
0
0
0
0
0
2843
0
0
0
0
0
8137
0
2844
0
2823
2814
0
2814
0
0
10158
2814
2834
0
0
0
2844
0
0
0
8153
0
0
0
2777
0
0
0
0
0
0
0
0
0
0
0
0
0
0
0
0
0
0
0
0
0
0
0
0
0
0
0
0
0
0
2814
0
0
0
0
0
0
8165
0
5728
0
10157
0
0
0
10171
0
2789
0
0
0
0
0
0
10181
0
0
0
0
0
0
0
0
0
0
0
0
0
2814
0
0
8159
10179
0
0
0
0
10157
2793
0
0
2814
0
0
0
0
0
0
0
2788
0
0
0
2805
0
0
0
0
0
2814
0
0
2782
0
8153
10171
2827
5716
0
0
5753
0
0
8165
0
2805
0
2838
0
2781
2838
0
10170
0
2805
2805
0
0
0
2834
0
0
0
0
2832
0
0
0
2814
0
0
2814
0
0
0
0
10204
0
2838
0
0
5704
0
0
0
0
0
0
0
0
0
2781
0
0
0
2777
5705
0
0
0
2805
0
0
0
0
0
10169
2784
0
0
0
0
0
0
0
0
0
0
0
0
0
0
10162
2824
0
2792
0
2844
0
0
0
0
0
0
0
0
0
0
0
0
0
0
0
0
0
2805
2805
0
0
0
5715
2843
0
0
5745
2844
0
0
0
0
0
0
2313
0
2783
0
2833
0
0
5715
5752
0
2801
0
2838
2788
0
0
0
0
5721
0
10189
0
2805
2805
0
0
0
0
0
0
2844
2820
0
0
0
0
0
0
2822
0
0
2808
2838
0
0
0
5715
0
5754
0
2777
0
0
0
2814
0
0
0
0
2787
0
0
2776
0
0
0
0
2814
2843
0
0
10157
0
0
10157
2794
2832
0
8154
5704
0
0
0
0
0
0
0
0
2842
0
2814
2814
0
0
0
0
0
0
2814
10174
0
10157
0
0
8137
2781
0
0
0
0
2832
0
0
2781
0
0
5715
0
8153
0
0
2820
0
0
0
0
0
2805
0
8158
2832
0
0
0
8144
0
0
2777
2791
0
0
0
0
10189
0
0
0
0
0
0
2782
0
0
0
2814
0
0
2777
0
5715
0
0
2838
0
0
0
0
0
0
0
0
2805
2814
10191
0
0
8153
0
0
0
0
0
0
0
0
0
0
0
0
0
10157
0
8143
0
0
0
0
0
0
0
0
0
0
0
0
2789
0
0
0
0
2781
0
10191
0
2834
0
0
0
8139
0
0
10157
2794
0
0
10202
5730
0
0
0
8143
0
0
0
0
0
0
0
5732
0
0
2814
0
0
2814
0
0
0
0
0
0
0
2808
5705
0
0
5715
2782
2784
0
0
0
0
0
5715
0
0
5704
0
0
0
0
0
0
0
5715
0
0
0
2843
0
2814
0
0
0
0
0
0
0
0
0
0
0
0
0
0
10157
2818
0
0
0
10157
0
0
0
0
0
0
0
0
0
0
0
0
2782
0
0
0
0
0
0
0
0
0
0
0
0
0
0
2777
0
0
0
0
0
0
0
0
0
2834
0
2838
2791
0
2834
0
0
0
0
0
10161
0
0
0
0
0
0
0
0
0
0
8158
0
0
0
0
0
0
0
0
0
2076
0
9812
2107
1862
0
0
0
1824
0
9602
0
5029
0
2037
0
0
0
0
2012
0
0
0
0
0
7533
7642
4945
0
1874
0
0
0
0
0
2011
0
4899
0
1924
0
0
4916
0
2011
1835
2053
1840
0
0
4928
0
2042
0
0
0
4966
4928
0
1874
0
0
0
1997
5050
2117
0
2044
0
9717
9762
0
0
5004
0
0
1955
0
0
0
0
1880
0
0
1917
0
0
5048
0
0
0
2079
9602
2027
1877
1835
0
1827
0
7603
9672
0
0
0
0
0
1979
2000
7713
1894
0
5021
0
9776
1997
0
0
0
5044
9713
7690
0
0
0
2039
1827
0
1843
0
0
4934
2000
2113
0
0
7558
7712
7609
7632
0
5004
2094
1950
0
1877
0
0
0
0
0
4926
1859
0
0
1905
0
1921
5111
7561
0
9745
0
0
0
1872
0
2006
9831
0
7612
1917
5049
0
0
1838
1980
0
1912
0
0
1835
0
7646
0
1862
9627
0
0
1828
0
1946
0
0
0
0
0
1959
1986
0
2039
2073
9733
1844
0
2106
5044
0
5036
0
0
9733
4896
7596
4895
0
0
0
2042
0
0
5008
9827
2082
2042
0
5032
1950
0
1874
0
0
7558
1848
0
0
0
4926
5086
0
5086
5066
0
0
0
1874
9728
0
0
0
0
0
5038
9804
0
0
4958
0
0
7712
1942
0
0
5004
1873
0
0
0
0
0
0
1972
1926
4988
0
0
0
0
5090
0
5021
1859
1874
0
1969
0
0
5016
7612
0
0
0
9775
7566
1972
5065
0
2021
0
9742
7584
0
0
0
0
7711
4966
0
0
5008
2099
7695
9707
0
0
1928
2047
0
0
5116
0
0
7688
0
0
1938
0
0
1908
5094
2004
7677
1934
0
1840
0
0
0
0
0
2004
2014
0
7513
5008
0
0
1954
0
0
0
0
1924
4908
9627
1991
0
0
2031
7678
0
0
1937
7569
0
9627
0
0
1840
5066
0
0
0
0
0
0
1916
7668
1860
5051
0
0
2011
2047
2025
0
1986
0
2058
0
0
1997
1955
0
0
1844
1831
0
0
0
0
2074
0
7558
0
0
1836
0
5024
5036
1972
0
0
1896
9827
0
5014
0
1969
1950
0
5038
2051
1984
0
1849
5050
1986
0
7713
1952
0
0
0
0
0
0
0
0
0
5038
0
0
0
5013
1880
5067
0
1950
0
0
0
7712
0
7697
0
1874
0
5114
1855
0
0
7622
7716
9776
0
5028
1834
0
0
0
4944
9787
4934
1935
2000
0
1887
4926
0
0
1828
0
1874
0
9820
0
0
1898
0
0
0
1848
0
2014
0
5094
1966
0
9640
1938
1955
9707
0
0
0
0
1988
0
0
0
0
0
9709
0
0
0
7549
4944
0
0
1906
0
0
1844
0
0
0
1933
4894
0
0
1896
0
0
0
9841
1834
9602
0
1899
9608
5079
0
1889
7712
5053
9760
2107
0
0
5008
1989
0
0
7709
1872
1928
0
2055
1998
0
0
0
1874
9602
0
1825
1997
5048
0
1894
0
4944
7558
2029
2004
1834
1902
0
0
0
2022
0
2022
1988
0
0
7716
5044
2057
0
0
7688
5086
0
0
0
5049
0
0
9613
4984
0
0
1970
0
7573
2063
1829
1984
0
1935
0
0
2010
1965
0
0
0
0
0
1908
0
0
1994
7713
0
0
0
0
0
0
1838
0
9725
0
5116
0
0
2039
0
0
1858
1834
0
9827
5109
0
0
1885
5008
0
5109
0
4926
1869
1938
9713
0
4944
5008
0
0
0
0
9614
0
9713
0
0
0
5110
1844
2053
7709
5039
7531
0
0
0
0
4989
0
2007
0
0
0
2049
0
0
0
0
0
0
0
9713
9745
7574
4944
0
2082
1852
0
0
0
1827
9717
5053
0
2097
1963
1943
0
2011
2042
0
2094
7646
4956
0
0
5079
1917
0
1925
0
9811
0
7712
0
5042
2113
0
0
0
0
0
9637
0
7555
0
0
5008
4944
5014
9804
7649
1941
2046
9602
0
1997
0
7646
1857
0
0
0
0
7612
1952
0
5053
0
0
9853
0
4910
0
1889
0
0
0
0
1843
0
7523
0
0
7552
0
5109
5044
0
5004
0
0
5008
1969
0
0
0
0
0
1885
9627
1938
4919
7641
5058
0
0
0
0
2044
7573
9773
2076
0
0
1861
1827
2055
0
5069
0
4944
0
4951
1853
1997
9831
2107
0
0
0
0
5031
0
1894
5080
0
5051
0
0
0
1912
2060
0
7632
2011
1941
0
0
1964
0
0
7703
0
4960
5056
1882
1851
2060
0
1874
0
0
0
7709
0
7533
0
7697
1956
1957
0
1874
0
0
1835
1825
4955
0
0
1849
5094
0
7552
0
0
0
2012
1849
0
0
0
0
9602
4966
2004
0
0
0
0
0
0
9725
0
1954
0
9795
0
0
2086
0
0
1908
5036
4934
7550
0
0
0
7568
0
0
0
0
1934
1834
5097
7712
0
0
0
1980
5058
0
1979
0
0
0
7563
0
0
9745
0
0
0
0
2073
1955
0
0
0
2007
1900
0
4951
0
1965
5051
9706
0
9602
5073
5073
2001
5079
5086
0
1843
1844
0
0
0
1859
1834
0
0
0
0
0
2107
7525
0
0
0
5001
9639
5036
2056
0
1851
0
0
0
0
7676
7657
0
5008
0
0
0
0
0
9640
5050
0
4919
1894
7515
0
0
9627
1940
0
5109
5056
0
5086
9745
7713
7712
0
9637
0
1928
1877
0
5126
0
7684
0
7713
2062
0
1955
0
0
0
2019
0
5124
0
0
0
7678
1849
0
1938
0
7516
0
7516
0
1844
5053
0
0
7668
2157
2022
0
0
0
0
0
2003
1874
7641
0
2097
0
5109
1877
0
1874
0
0
0
0
0
0
7526
0
5014
0
0
1829
0
4979
0
0
5079
0
1849
0
9727
9627
4989
0
0
7526
1955
9690
0
2012
1944
0
0
1970
0
1956
0
5041
1874
0
5013
0
0
0
0
0
0
1834
0
1874
1881
0
2044
0
4966
0
9602
0
0
0
7712
0
1880
1858
0
0
0
5008
9602
0
9627
0
5051
0
0
0
1952
9766
0
0
1989
0
9786
9631
5016
0
1868
0
9658
0
0
0
0
0
0
0
0
5060
1874
0
0
9745
0
1863
0
1881
7693
0
0
0
0
0
0
0
7555
7587
0
0
1828
1849
0
0
0
0
0
2079
2062
0
0
0
0
0
4967
0
0
0
0
0
1930
5044
0
0
1996
0
5051
0
5114
0
2012
1894
2078
2097
4956
0
0
1980
0
5036
4892
1953
0
0
9640
9688
9727
1828
0
0
7641
1896
0
4967
1955
7646
0
0
1858
0
9719
9602
0
0
0
0
5049
0
0
4926
7660
5038
0
0
0
0
0
0
2078
1955
1844
0
1997
1899
4931
4895
2048
0
0
0
7646
2077
1964
0
9832
0
0
0
1992
7568
0
0
0
0
0
0
1986
4909
5071
0
9773
0
0
0
1925
0
0
0
0
4993
0
0
0
7584
2011
0
1874
5072
1843
0
1916
1925
5048
0
1844
0
0
2010
0
0
7568
1958
7703
5097
0
1873
1908
1830
0
0
0
0
0
5036
7668
1980
0
1844
0
0
0
1960
1877
7552
0
0
9842
7712
9608
1871
0
0
0
0
0
0
7712
0
0
0
0
0
7642
9841
0
0
1874
0
5094
1930
0
0
0
0
9602
0
5050
0
9698
0
0
0
0
7712
0
9786
1940
0
0
4926
0
1844
4944
5044
7587
1969
0
1874
2086
5116
0
0
0
1890
0
1984
0
0
0
7653
4944
1844
0
0
0
0
9713
5079
0
1894
0
7709
9849
1830
0
0
2011
1985
0
5038
0
0
0
0
2056
1902
0
0
5068
1844
0
9739
0
1987
2094
0
0
5038
0
0
0
1898
2110
5038
0
1862
0
7633
0
0
9602
4926
2107
9640
0
0
1994
1872
0
4918
0
2046
9776
9827
0
2000
4993
0
0
1859
0
9762
2082
0
0
7648
1927
9602
0
0
0
0
4944
1974
0
0
2004
0
0
7523
1970
9839
0
1944
2063
7713
1841
0
0
5008
9713
1894
9640
0
0
9602
0
9773
1922
1862
4695
9637
0
0
0
0
7563
2078
9745
1828
4916
2044
0
9811
5090
0
0
0
0
1972
0
4983
2051
0
4926
0
9745
0
0
5086
0
9776
0
0
0
2079
0
0
1905
1868
7673
0
7563
0
2063
0
4926
4901
2078
0
9629
2007
5008
0
1870
7712
7685
0
0
5031
2017
0
0
0
7698
0
0
0
1896
2022
0
1831
0
5079
1974
2004
2039
0
0
5008
0
1894
7712
2107
0
2060
0
9602
0
0
0
0
7668
0
0
0
5079
7612
0
0
7703
0
0
5032
0
0
7603
7542
0
4947
9599
7592
0
0
0
2059
0
0
0
5086
0
2076
1834
1944
5008
2039
0
0
0
5085
5082
0
5116
5058
9812
0
4944
0
0
4944
2063
0
0
9603
0
7516
1856
0
1872
1831
0
0
0
0
0
0
0
4944
1985
9675
0
2094
5058
0
0
0
0
9713
0
0
0
0
1874
0
2064
0
1874
0
5029
0
0
5086
5086
0
1875
1997
1913
0
0
0
0
0
1843
4956
7549
5038
0
0
0
0
1950
5097
2011
0
9644
9791
0
9766
0
0
2007
2060
1894
1930
2117
0
0
0
0
0
5008
7520
2095
0
0
1944
7552
0
7622
0
5109
0
1984
0
0
0
0
5086
0
1938
0
0
5110
0
0
5072
7712
0
9701
5086
0
9827
0
7613
9757
7712
0
0
0
1900
7713
0
1874
5072
1874
0
5004
0
0
1972
1956
0
5036
0
9755
1985
1873
7566
0
1834
0
0
0
5079
0
5079
0
0
0
0
0
7552
0
7552
0
0
0
0
1887
0
1882
1824
5012
0
5091
0
5073
7650
1908
0
0
0
0
7697
2082
0
0
0
0
0
0
0
7646
0
2042
0
2035
0
0
0
1898
2107
0
0
0
0
4898
0
0
0
0
0
0
0
5094
9602
0
1852
0
0
7552
4918
2039
0
0
0
0
7657
0
0
0
0
0
0
9745
0
1879
0
0
0
1894
0
9602
9752
0
0
1928
1938
1963
9827
5031
0
0
7692
0
0
4944
2112
9610
0
0
1864
1914
7710
0
1871
2022
9736
0
2078
0
0
0
1894
2012
4966
1827
9831
0
7715
2113
0
1830
1873
0
4944
0
9842
0
0
2100
9602
1898
0
7533
2004
1874
0
9760
1968
1882
5036
0
0
0
0
0
4964
1974
0
0
1874
0
2100
1874
2062
1935
0
7523
0
0
0
0
4898
9706
1831
0
5038
1874
7584
0
0
0
0
4899
0
0
9709
5126
0
0
7605
0
9743
2113
0
0
0
0
0
9692
1844
0
0
0
0
0
0
9760
1844
5086
1874
0
0
0
5038
0
5086
1828
0
9809
0
1870
0
0
0
0
9602
0
0
0
0
0
2050
0
4926
9614
0
2040
0
1849
2011
0
0
0
0
0
0
7584
1927
0
1940
0
4963
4910
0
0
0
0
1889
1844
0
5038
0
0
4896
2092
0
2092
7584
9629
0
0
0
0
0
0
0
1840
1954
0
2012
0
0
0
0
0
5021
0
4926
0
0
7568
9669
5079
1909
7549
0
2099
0
1832
1876
0
7668
1922
0
0
5036
1997
0
1871
0
0
1831
0
0
0
2113
0
1877
1877
2044
1877
1877
1877
0
0
0
0
2063
0
0
0
1974
0
7542
2046
0
1874
4984
7566
0
0
1899
0
0
5094
0
1992
0
0
0
7557
5065
1994
0
5109
0
0
0
0
9806
2097
9839
0
0
0
1994
1848
2073
0
5122
0
4910
9674
4920
1968
0
0
2060
0
0
1984
0
0
7558
1862
0
0
7543
7552
1942
2012
0
0
0
0
0
0
0
0
0
1838
5100
0
0
0
0
0
2060
0
0
0
2097
0
0
1980
0
0
0
1973
0
2078
0
0
0
7622
0
0
0
7563
1840
9839
1859
4900
0
2044
2078
1944
0
0
9743
0
7520
1948
9804
0
2063
0
4926
0
1924
0
0
0
2004
2107
7592
1900
9669
5038
0
1864
0
1849
0
0
0
4920
4960
5021
4904
0
1899
0
0
0
5048
1844
9766
0
5070
0
0
2063
0
0
1889
7590
5044
1892
4922
0
0
2044
0
0
4922
2007
1827
0
0
0
2107
1987
1849
0
7568
1965
0
7552
0
0
2896
0
0
10285
2954
0
0
0
0
0
0
3015
3010
3012
0
0
0
0
0
0
8268
0
2869
0
5834
0
2897
0
2996
5883
8179
0
0
3008
0
0
0
0
0
2942
3010
2899
5789
3012
0
0
0
0
5841
2858
0
5834
2930
5807
2982
10223
2851
5761
5854
2903
0
3020
0
0
0
2934
2981
0
0
5815
0
0
0
10232
0
0
0
2851
5885
0
0
0
0
0
2881
0
0
2997
0
0
0
0
2853
0
0
2912
0
2854
3015
0
2970
2876
0
0
2966
3028
2994
0
0
2996
2866
5883
0
5808
2930
2858
0
2934
0
2883
2858
0
0
0
0
5811
0
0
0
0
0
0
10285
0
5851
0
10274
0
0
2941
3015
0
2976
2908
0
0
0
0
0
2906
2850
0
0
0
5847
0
8184
0
2864
8261
2858
0
5859
0
0
5807
2876
3028
0
2882
10286
5899
0
10274
2853
2996
2971
0
0
10208
0
0
0
10296
0
0
5883
0
0
0
2850
2934
0
0
0
0
5883
2934
2996
2850
8195
2864
3028
10296
0
2903
0
0
2866
0
0
0
0
2908
0
0
2850
2937
0
0
2859
0
5800
0
0
5848
0
0
0
0
0
0
0
0
5900
2858
5800
5883
0
0
0
0
0
5766
0
0
0
2872
2975
0
0
2912
2934
0
10286
0
0
0
0
0
0
0
0
0
5855
2952
5848
0
0
0
0
0
2908
0
0
3010
5768
0
5770
8219
0
0
3020
0
8195
0
0
0
5848
8251
0
0
5785
0
8237
2848
0
0
0
0
3028
2969
0
2897
0
2858
5836
5848
8198
0
2876
2857
0
0
0
0
2986
0
8182
3008
0
8268
2952
0
0
0
0
0
0
0
0
0
0
0
0
2968
0
0
0
0
2994
0
3012
0
0
2884
3012
5800
10258
8233
5848
0
0
0
0
3003
2908
3010
0
0
0
10228
0
5844
0
2942
0
5890
5848
0
2924
0
2954
0
0
0
5883
0
2921
0
2976
0
0
2966
0
8193
0
0
2968
2971
8229
0
0
2952
0
0
0
0
2942
0
0
0
0
0
8234
0
8251
5883
2922
0
0
5794
0
2908
0
0
0
0
2867
0
5883
5883
5848
0
0
2873
0
0
2864
5768
0
0
0
0
0
2876
0
0
5891
0
3002
0
2858
2966
0
3028
5830
0
2885
2981
5815
0
8251
3010
0
0
0
10258
0
2960
8211
3003
0
0
3010
2851
5874
8260
0
0
2853
0
0
0
0
8233
2922
8182
0
5883
2937
0
0
2996
2990
5883
0
5864
5848
0
0
0
0
10232
0
2938
3012
3012
0
0
0
0
2960
0
2940
2876
2900
0
2940
10250
0
0
0
0
0
0
0
0
3028
0
2941
2908
10298
0
0
0
2858
2853
0
8258
0
3020
3016
0
0
0
5883
0
0
0
0
0
2942
0
5785
0
3010
0
0
2942
5883
0
0
0
3027
0
0
5761
0
2876
0
0
0
3012
5800
5760
0
0
5875
5785
0
2915
0
0
5800
0
5864
0
0
0
0
0
0
5829
0
0
5878
0
0
8199
0
0
0
5852
2897
0
0
0
0
0
0
0
3010
0
0
2937
0
0
0
0
0
3010
2939
3012
2858
0
5881
2922
0
0
0
5804
5808
0
10298
2912
0
0
0
0
0
5829
0
5848
0
8234
0
0
3028
5766
0
0
0
5883
0
2850
0
0
3028
0
0
0
2898
0
0
0
0
3012
0
8251
0
0
5850
0
0
0
5855
5848
2859
5825
2975
2997
0
2981
0
0
0
5826
0
8192
0
0
8198
0
5882
0
2871
2912
0
2906
0
0
0
8182
5831
0
0
0
3001
2863
2881
0
0
0
0
3029
0
2952
3028
10249
0
0
0
5899
2912
2976
2976
2921
0
2968
0
0
2871
0
5899
0
3028
0
0
5807
0
3012
8182
2915
0
2864
0
0
0
0
0
0
0
2875
0
0
5800
2858
0
8229
3012
0
0
5867
0
5864
2922
2924
3002
0
0
5824
0
0
2879
2876
5817
5840
2930
5759
5807
2937
2915
0
0
3010
0
0
5848
0
0
0
2875
5759
0
10285
3012
5825
10278
0
0
0
0
0
3012
8234
2968
0
0
3012
0
2982
0
5864
0
5646
0
0
0
2897
0
5883
2952
5863
3010
0
2891
8201
0
0
0
5867
5761
2934
0
2942
0
0
0
0
0
0
0
0
0
0
2997
2934
0
2858
0
0
0
0
8266
0
2912
0
0
0
2876
2850
0
0
2851
0
0
0
2871
0
0
0
0
0
0
0
2850
0
0
0
2915
0
0
0
2971
0
3002
5848
0
0
3012
0
2937
0
0
2990
0
2921
0
2872
0
2951
0
0
5899
5800
0
5887
2989
3012
2869
5806
0
0
0
0
0
0
5883
0
0
0
0
2934
0
0
0
0
3020
0
0
2975
0
0
2868
0
5883
0
0
3028
2879
10296
0
2853
0
8237
5883
0
0
0
0
0
2858
0
0
2976
0
0
0
0
0
0
0
0
0
5848
0
8221
5854
5766
0
0
0
0
0
0
5848
0
0
0
2912
5848
0
0
0
2875
2871
0
2908
5785
0
0
0
2859
2877
2912
2937
2851
0
2873
0
0
0
0
8229
0
0
0
0
0
0
0
2942
3012
0
5785
0
8229
2976
2912
5848
0
5848
0
0
0
0
0
2970
2934
0
0
5759
5883
2908
10220
0
0
0
10265
3012
0
0
0
0
0
3022
2869
0
2890
0
0
0
2851
2990
10213
3028
0
0
0
10228
0
0
0
0
0
0
0
0
2952
0
0
2882
0
5761
0
5829
0
0
0
0
8199
5766
0
0
0
0
10290
0
2924
3010
3012
3017
0
0
2882
0
0
0
0
8268
0
8182
2940
2960
0
0
10307
0
0
0
2976
0
0
0
0
0
0
5762
5762
5762
5762
0
0
0
5815
5848
0
2996
2901
0
5848
5845
0
3012
5883
0
0
2942
8251
3012
3020
5848
0
0
0
3010
0
0
0
0
5848
2897
0
0
10278
0
0
10243
0
10296
0
3002
0
2892
0
8251
0
0
2864
0
0
0
0
2915
2912
0
5848
0
0
0
8182
5848
0
5848
0
0
0
2972
0
0
0
5784
0
0
0
2994
5815
0
5772
0
0
5795
0
10268
0
5784
0
0
3012
5841
0
5853
0
0
0
2957
5848
0
0
0
3010
0
5892
0
0
5795
0
0
0
0
8232
2956
0
0
0
2857
2879
2930
0
0
0
0
3028
8223
2938
3012
3012
8195
2943
2869
0
10307
2904
0
0
0
0
0
5848
0
5848
0
2983
8268
0
2851
0
0
3017
2896
8229
0
0
0
8192
5848
8259
3027
2878
0
0
2954
0
8229
0
0
8226
0
0
2869
5836
2876
2879
0
0
0
0
0
0
0
0
8182
2985
0
10292
2937
0
2996
0
0
0
2921
10235
0
0
3010
0
0
2990
2854
5883
0
8182
5883
3008
0
0
8268
2937
5848
2901
2989
0
0
0
5883
0
8192
0
0
0
0
0
0
0
0
0
0
8182
5807
0
0
0
2971
0
5772
8172
0
8245
0
5883
0
2890
2876
0
8220
2938
0
5852
0
3027
3028
5817
2993
3028
2934
0
0
0
0
0
0
0
0
0
8268
0
5883
5776
0
0
0
0
0
5841
2968
5903
0
3017
0
0
2967
10249
10300
5808
5900
2929
0
0
0
3030
0
2876
0
3001
0
0
3008
0
0
0
8178
2908
2890
5848
0
0
0
2989
5795
0
10403
0
8384
0
0
6022
0
0
0
0
0
0
8394
3199
0
3208
0
0
6027
3165
0
3167
0
0
0
0
0
0
10378
0
3132
6020
10401
0
0
0
0
0
0
0
0
0
6001
10406
0
0
6020
3156
0
0
0
0
8373
0
8359
3135
8391
0
0
0
0
0
0
0
0
3156
8407
0
0
3192
0
0
3190
0
0
3213
6036
0
3162
8378
0
0
3208
0
0
0
5992
0
3135
0
3158
0
0
0
0
0
8415
0
0
3174
3147
8359
0
3213
0
0
3166
0
3180
0
0
0
3135
3182
0
0
10379
0
0
8411
0
0
0
0
3155
0
0
0
8358
0
0
0
0
0
0
0
0
3213
0
0
3208
0
0
0
0
0
0
3151
0
6000
0
0
6043
0
0
0
0
0
0
0
0
6031
0
0
0
0
0
0
3168
0
8389
0
0
0
0
8392
0
3129
3167
0
3130
6036
0
0
0
0
0
0
0
0
0
0
0
3171
9938
0
0
6004
0
0
0
0
0
6003
0
0
3130
8352
0
0
10401
0
0
6017
0
0
0
8391
3166
0
8374
0
3165
0
0
3199
8358
0
0
10406
0
0
0
0
0
8374
0
3179
0
0
0
0
10411
0
3130
0
6003
3161
0
0
0
0
0
0
0
0
0
0
0
0
3167
0
0
0
0
3167
0
8406
0
3130
3129
0
0
6020
0
10399
0
8373
0
6022
0
0
0
3208
3177
0
0
0
0
3199
0
0
10390
0
0
0
0
0
0
0
0
5994
0
0
0
0
0
0
0
3166
3160
0
8407
0
0
6017
0
0
0
0
0
3199
0
0
0
0
5999
5992
8391
6020
3199
0
3162
0
0
0
3208
0
3180
3199
0
0
0
3169
0
0
0
3204
0
0
0
0
3186
5999
0
0
0
0
0
0
0
8373
8412
3135
6003
0
0
0
3135
0
0
0
0
8391
0
6039
0
0
0
8386
0
0
0
10406
0
0
0
0
0
0
0
8411
6043
0
0
8391
3199
5995
0
8391
0
3129
3155
0
8368
0
0
0
0
0
0
0
3158
0
0
0
0
0
3167
0
8400
3180
0
0
0
10411
0
8394
0
0
0
3177
3177
6017
0
0
0
3169
3213
3162
6025
5992
0
3185
8373
0
0
0
3162
3195
0
0
0
0
0
0
0
0
0
0
0
0
0
0
0
0
3156
0
0
0
3144
0
0
0
3208
3149
3166
0
0
0
0
0
0
8373
0
6047
0
0
0
0
0
0
0
8391
0
0
0
8403
0
0
0
0
0
0
0
0
0
3135
3154
0
0
0
0
6000
0
0
0
3141
0
3185
0
8381
3161
6029
0
0
0
0
6025
0
3213
3186
3150
3186
6036
0
0
0
0
3209
0
0
0
0
0
0
0
3139
0
0
0
3181
0
10411
0
8364
0
8382
0
0
0
0
0
0
0
0
0
0
8378
0
0
0
6047
3162
0
0
0
0
0
10406
3190
0
0
6016
0
3185
8391
3148
0
3152
3143
0
0
0
3152
0
0
0
0
0
0
0
0
0
0
0
0
0
0
0
0
0
0
0
0
0
0
0
0
0
0
0
0
0
3049
3034
10343
0
0
0
0
0
0
0
0
0
0
0
0
0
0
0
0
0
0
0
0
0
0
10312
3081
3099
0
0
0
10363
0
0
8333
0
0
10348
0
0
0
0
0
0
0
0
0
0
0
5988
0
0
0
0
0
5960
0
3066
0
0
0
0
3106
0
0
3043
0
0
8326
8290
0
5972
0
0
0
8305
0
0
0
0
0
0
8312
5937
0
0
0
0
0
0
0
0
0
0
3078
0
8300
0
0
0
8345
5965
0
0
0
3121
0
0
0
0
0
0
0
3126
0
0
0
3089
0
0
0
0
0
0
0
3064
0
5960
0
0
0
0
0
0
0
0
0
0
0
10345
0
8343
0
5989
0
0
5960
0
5974
0
0
3088
0
5937
0
0
0
5934
0
0
0
0
0
0
5940
3040
5937
0
0
3103
0
0
0
0
0
0
5940
0
0
0
0
5937
0
0
3088
0
0
0
3103
3064
8315
8322
0
3049
0
10312
0
0
0
0
0
0
0
0
0
0
0
0
0
0
0
8342
0
0
0
0
0
0
10324
0
5972
0
0
3049
0
3058
0
0
0
3049
8309
0
0
0
0
0
0
0
0
0
0
8315
0
0
0
0
5948
0
3117
0
0
0
5965
0
0
0
0
3049
0
0
0
3117
0
0
0
0
0
0
0
0
0
3083
10336
0
0
0
10344
0
5932
0
0
0
0
0
5965
0
0
0
3047
0
0
0
0
0
0
0
0
0
0
3053
0
5972
8328
0
0
5971
10342
0
0
10312
0
0
10353
0
0
0
0
0
3106
0
0
0
0
0
0
0
0
0
0
3049
0
0
0
5968
0
3049
0
0
0
0
0
0
0
0
0
0
0
0
0
0
0
0
3063
0
0
0
0
0
0
0
0
0
0
3080
3049
0
3075
0
0
0
3034
8290
0
10364
0
0
3049
5972
0
0
0
0
8312
0
0
0
0
0
8333
0
0
0
0
0
0
3043
0
5983
0
3037
0
0
3111
3086
0
0
3082
0
0
0
10322
3038
0
0
8338
10317
0
0
5960
0
0
0
3056
0
0
0
5972
0
0
0
0
5964
0
3049
0
0
0
3106
0
5972
0
3111
0
0
0
0
0
0
0
0
5972
10341
8297
0
0
10336
0
0
3053
0
0
5914
3082
0
0
5983
10324
3083
0
0
5972
3047
0
0
3063
0
3122
0
0
5933
3055
3035
3049
0
0
0
0
10324
0
0
0
0
0
0
3066
0
0
0
10343
0
0
0
3056
0
8290
0
3066
0
0
0
0
5989
0
0
0
5957
0
0
0
0
0
0
0
0
0
0
0
0
3049
0
0
0
0
0
0
0
5985
0
0
0
3111
0
0
0
0
0
0
0
0
0
0
10357
0
0
0
0
0
8305
0
0
0
0
0
0
5972
0
0
5965
0
0
0
0
0
0
0
8345
0
0
3064
3122
0
0
3110
0
0
0
0
0
0
3083
0
8322
0
0
3122
8319
0
0
0
0
0
5937
0
0
10342
0
5914
0
0
0
0
3049
0
0
0
0
5987
0
0
3116
3049
0
0
0
8327
0
0
8305
0
0
0
5916
0
0
0
0
0
0
0
0
0
0
0
0
0
0
0
0
0
0
0
0
0
0
0
0
0
0
0
0
0
0
0
0
0
0
0
0
0
3076
5939
5916
0
0
0
0
0
5931
0
8317
0
0
3071
5977
0
0
0
0
8319
0
3076
0
0
0
5989
0
0
3119
0
3076
0
0
0
0
0
0
0
0
0
3037
0
0
0
8279
0
0
0
0
0
0
0
0
5957
0
3079
0
0
0
0
3055
0
0
0
0
0
0
0
0
0
0
0
3055
0
0
0
0
0
0
0
5972
0
0
3056
0
3087
0
8345
0
0
0
0
0
0
3119
0
5937
0
0
0
0
0
0
10324
0
0
0
0
0
0
0
0
0
0
10328
5951
10355
0
5924
3073
0
0
0
0
0
0
0
5989
0
8283
3106
0
0
3034
0
0
0
0
0
0
0
5972
0
0
0
0
0
